6 0.966826 0.592070 0.008301 0.256641
6 0.517500 0.621406 0.006348 0.175000
6 0.104858 0.664258 0.008389 0.262109
6 0.093081 0.667227 0.008564 0.305547
6 0.110605 0.684570 0.008672 0.265234
6 0.124189 0.742500 0.010488 0.335156
6 0.140908 0.775391 0.007500 0.338281
6 0.156006 0.799180 0.010957 0.330078
6 0.141738 0.772188 0.010566 0.387031
6 0.176035 0.816797 0.012148 0.320937
6 0.190205 0.814141 0.011582 0.342031
6 0.955615 0.645312 0.010156 0.471875
6 0.943784 0.688633 0.009014 0.605547
6 0.944531 0.694258 0.012344 0.611484
6 0.913794 0.699688 0.015283 0.515156
6 0.929678 0.712187 0.025293 0.572812
6 0.843633 0.780078 0.020898 0.431250
6 0.901519 0.717891 0.016826 0.561406
6 0.882661 0.711445 0.018545 0.577109
6 0.808770 0.800859 0.029141 0.392500
6 0.857485 0.746875 0.024385 0.506250
6 0.717808 0.684375 0.029229 0.631250
6 0.760244 0.778203 0.021777 0.443594
6 0.715317 0.703750 0.017158 0.584219
6 0.686934 0.693008 0.035977 0.613984
6 0.674087 0.743555 0.016455 0.512891
6 0.652300 0.742305 0.016143 0.515391
6 0.617891 0.753477 0.014609 0.493047
6 0.600195 0.792461 0.021387 0.405078
6 0.583081 0.766602 0.014014 0.365234
6 0.575430 0.703984 0.008828 0.416406
6 0.566646 0.718008 0.006514 0.332734
6 0.557700 0.687070 0.005869 0.342891
6 0.554536 0.686445 0.005283 0.337109
6 0.548140 0.653906 0.007939 0.355000
6 0.538760 0.666367 0.006406 0.300859
6 0.536362 0.670977 0.008252 0.308047
6 0.214424 0.769375 0.012402 0.461250
6 0.294204 0.771641 0.010752 0.429844
6 0.220132 0.807969 0.010830 0.368437
6 0.230493 0.788242 0.011182 0.423516
6 0.231743 0.787461 0.007334 0.424297
6 0.258594 0.770352 0.009727 0.451484
6 0.230869 0.818750 0.010781 0.359844
6 0.264209 0.788711 0.011836 0.409922
6 0.972251 0.550039 0.003877 0.121016
