6 0.972041 0.581523 0.006504 0.232734
6 0.519062 0.618984 0.006348 0.177187
6 0.097139 0.679492 0.004941 0.255078
6 0.104902 0.701836 0.009785 0.287891
6 0.130166 0.751641 0.010957 0.282656
6 0.117412 0.729336 0.010566 0.341328
6 0.146094 0.787813 0.012695 0.320937
6 0.159312 0.786094 0.008701 0.299219
6 0.965273 0.614453 0.010156 0.410156
6 0.957407 0.621445 0.012354 0.491484
6 0.948872 0.689570 0.016006 0.524766
6 0.889883 0.762109 0.020684 0.434844
6 0.931396 0.679414 0.013965 0.478672
6 0.873691 0.784414 0.026270 0.431172
6 0.910327 0.754063 0.020635 0.491875
6 0.828760 0.675273 0.022168 0.649453
6 0.836631 0.780664 0.021777 0.438672
6 0.794468 0.700937 0.018135 0.598125
6 0.804912 0.692617 0.030332 0.614766
6 0.759624 0.725742 0.022021 0.543516
6 0.721260 0.741680 0.018047 0.516641
6 0.670210 0.732617 0.018799 0.534766
6 0.635908 0.806875 0.021387 0.386250
6 0.610127 0.788008 0.016523 0.423984
6 0.596890 0.724375 0.012764 0.490469
6 0.582275 0.751797 0.009512 0.420156
6 0.569551 0.713594 0.009531 0.403281
6 0.562607 0.711719 0.005273 0.379688
6 0.556626 0.659297 0.008896 0.412500
6 0.548218 0.692422 0.007803 0.370469
6 0.542925 0.691680 0.009424 0.354922
6 0.176846 0.769062 0.012402 0.461875
6 0.250332 0.782188 0.012285 0.432500
6 0.178896 0.803047 0.010820 0.380469
6 0.188057 0.789922 0.011172 0.420156
6 0.197300 0.776563 0.007334 0.422344
6 0.220859 0.768008 0.009727 0.462422
6 0.176191 0.808516 0.010781 0.381563
6 0.221821 0.799375 0.012881 0.397813
