6 0.325083 0.749297 0.008232 0.370000
6 0.372295 0.769258 0.007520 0.344297
6 0.390942 0.785820 0.008916 0.363203
6 0.397178 0.765547 0.007168 0.288438
6 0.573545 0.677656 0.010508 0.344844
6 0.579336 0.625703 0.008828 0.228906
6 0.406343 0.758672 0.006904 0.297344
6 0.413149 0.763281 0.009482 0.340313
6 0.423789 0.738359 0.009883 0.304219
6 0.437446 0.718516 0.009678 0.178594
6 0.447192 0.718125 0.007451 0.240781
6 0.453096 0.694922 0.006562 0.216094
6 0.465386 0.672539 0.005029 0.203203
6 0.460405 0.683828 0.007451 0.155000
6 0.807080 0.727969 0.027773 0.544063
