6 0.134478 0.669102 0.011201 0.389766
6 0.200503 0.781484 0.009580 0.425938
6 0.211494 0.762773 0.013437 0.474453
6 0.244644 0.783164 0.010029 0.395078
6 0.651362 0.727852 0.023408 0.544297
6 0.599761 0.685312 0.011260 0.338906
6 0.226890 0.777344 0.011689 0.445312
6 0.253013 0.783906 0.008271 0.389219
6 0.254482 0.785977 0.010371 0.424141
6 0.275928 0.821797 0.011035 0.356406
6 0.287759 0.790508 0.011689 0.418984
6 0.297617 0.789219 0.011387 0.387188
6 0.313394 0.810273 0.009971 0.309766
6 0.335073 0.824688 0.013369 0.310469
6 0.351411 0.768555 0.008252 0.427422
6 0.360195 0.774180 0.008691 0.364141
6 0.363594 0.769141 0.009961 0.417969
6 0.370674 0.741836 0.010352 0.339922
6 0.382461 0.719648 0.007012 0.280703
6 0.399985 0.757305 0.010342 0.314609
6 0.397939 0.747109 0.006895 0.228594
6 0.408359 0.747070 0.011465 0.240391
6 0.415259 0.697539 0.010303 0.239297
6 0.422061 0.715156 0.007402 0.197656
6 0.426572 0.713320 0.005684 0.170234
6 0.556299 0.719922 0.010703 0.453750
6 0.563154 0.685859 0.011094 0.425156
6 0.940620 0.618594 0.008311 0.309062
