6 0.060220 0.595703 0.007412 0.190469
6 0.079272 0.635000 0.007764 0.286250
6 0.946660 0.637305 0.012012 0.371797
6 0.842402 0.689766 0.015625 0.539219
6 0.514185 0.610859 0.005928 0.134531
6 0.085874 0.678086 0.007412 0.253203
6 0.101064 0.697812 0.007539 0.324687
6 0.095571 0.667656 0.007939 0.256562
6 0.116367 0.700547 0.008789 0.287969
6 0.125156 0.726641 0.006797 0.269219
6 0.160586 0.770039 0.010898 0.406797
6 0.141353 0.746445 0.013584 0.440859
6 0.171738 0.768047 0.010352 0.395000
6 0.192271 0.761875 0.009541 0.400000
6 0.203867 0.788945 0.012187 0.422109
6 0.223628 0.829961 0.012432 0.340078
6 0.249043 0.850430 0.010957 0.295234
6 0.238101 0.818477 0.010557 0.358203
6 0.277036 0.843711 0.010615 0.312578
6 0.294097 0.832695 0.013174 0.324609
6 0.314595 0.812578 0.005361 0.336875
6 0.894141 0.689219 0.018555 0.621563
6 0.874590 0.663594 0.018184 0.672813
6 0.859209 0.662070 0.017715 0.675859
6 0.843384 0.750078 0.023623 0.499844
6 0.775752 0.700703 0.025957 0.591719
6 0.765937 0.710742 0.034355 0.578516
6 0.651963 0.793164 0.020898 0.413672
6 0.709062 0.721445 0.024980 0.551328
6 0.695181 0.715039 0.021299 0.569922
6 0.624727 0.801602 0.015527 0.396797
6 0.619395 0.761992 0.022207 0.471797
6 0.576396 0.732812 0.012832 0.534375
6 0.602944 0.785625 0.018232 0.428750
6 0.592808 0.724688 0.013350 0.474375
6 0.564268 0.731836 0.012324 0.489453
6 0.320347 0.779375 0.008389 0.435312
6 0.377451 0.756055 0.010391 0.368359
6 0.330381 0.808633 0.009980 0.382734
6 0.341460 0.794883 0.011182 0.410234
6 0.326084 0.783594 0.007344 0.406094
6 0.346987 0.773789 0.010146 0.443359
6 0.358330 0.805898 0.010781 0.377734
6 0.968481 0.556406 0.004365 0.155938
