6 0.185029 0.715898 0.012168 0.457266
6 0.251948 0.776875 0.009580 0.425937
6 0.267407 0.761094 0.013857 0.477812
6 0.294336 0.779844 0.010020 0.395000
6 0.601943 0.745273 0.019473 0.509453
6 0.581123 0.648086 0.010918 0.267578
6 0.279658 0.771836 0.009551 0.456328
6 0.308091 0.769844 0.008271 0.365156
6 0.307676 0.786016 0.010371 0.427969
6 0.322158 0.783008 0.009336 0.381484
6 0.336685 0.776289 0.011123 0.424297
6 0.343682 0.774141 0.011387 0.389219
6 0.353945 0.783555 0.009980 0.293047
6 0.371147 0.775937 0.013369 0.293437
6 0.383716 0.735547 0.007412 0.369062
6 0.389595 0.737852 0.008701 0.324609
6 0.395522 0.727070 0.009229 0.342266
6 0.405229 0.691758 0.007002 0.253828
6 0.420132 0.703750 0.007510 0.248906
6 0.415698 0.688125 0.008486 0.203437
6 0.425347 0.685820 0.008994 0.230547
6 0.433384 0.679727 0.007197 0.210859
6 0.551479 0.689570 0.009404 0.379141
6 0.553398 0.667617 0.008887 0.343047
6 0.924023 0.696367 0.011719 0.379766
