6 0.086079 0.628359 0.008311 0.272969
6 0.140142 0.735664 0.011689 0.425391
6 0.171548 0.759961 0.007939 0.395078
6 0.825342 0.704297 0.023516 0.591406
6 0.656270 0.700000 0.012090 0.505938
6 0.156895 0.746914 0.010527 0.427891
6 0.168301 0.790039 0.010371 0.419922
6 0.195015 0.801055 0.011006 0.356484
6 0.201831 0.803633 0.011689 0.392734
6 0.178564 0.796289 0.007930 0.394766
6 0.219893 0.802266 0.011387 0.390781
6 0.236011 0.829180 0.009971 0.333203
6 0.260049 0.826797 0.013379 0.310000
6 0.277822 0.798867 0.009941 0.402266
6 0.294502 0.800469 0.010078 0.399062
6 0.292915 0.795820 0.010283 0.408359
6 0.309795 0.804414 0.010352 0.385547
6 0.330352 0.759141 0.009512 0.352500
6 0.353379 0.795234 0.013008 0.358750
6 0.358711 0.823281 0.009453 0.269687
6 0.372407 0.803008 0.013428 0.282109
6 0.377817 0.760586 0.010557 0.325703
6 0.386245 0.781445 0.008564 0.266797
6 0.393501 0.772500 0.007725 0.264375
6 0.596724 0.723906 0.014561 0.552188
6 0.607886 0.709766 0.015869 0.568281
6 0.578652 0.766367 0.011016 0.442266
6 0.558984 0.743164 0.015313 0.471328
6 0.404502 0.708594 0.008379 0.266406
6 0.955645 0.591914 0.005977 0.230547
