6 0.521904 0.624844 0.006348 0.180625
6 0.964097 0.643281 0.009697 0.380625
6 0.926533 0.720156 0.015000 0.440156
6 0.948496 0.690117 0.015117 0.422891
6 0.910361 0.704648 0.016309 0.590703
6 0.882974 0.703437 0.013955 0.593125
6 0.914438 0.707266 0.015908 0.585469
6 0.869072 0.724883 0.016465 0.540234
6 0.837246 0.732969 0.019414 0.534062
6 0.785386 0.725352 0.021104 0.545234
6 0.737119 0.819570 0.021387 0.360859
6 0.683096 0.794063 0.018535 0.409375
6 0.648169 0.723789 0.017568 0.545859
6 0.625239 0.775586 0.017471 0.441953
6 0.598755 0.751992 0.011748 0.477266
6 0.594141 0.727617 0.009336 0.515859
6 0.576001 0.707344 0.010322 0.490625
6 0.564819 0.733047 0.010439 0.490469
6 0.556929 0.730469 0.011162 0.425156
6 0.189258 0.767891 0.010391 0.464219
6 0.140264 0.762305 0.010820 0.386484
6 0.145693 0.763164 0.011172 0.418516
6 0.153135 0.729258 0.009160 0.347734
6 0.173926 0.732227 0.008984 0.421641
6 0.121035 0.752812 0.013125 0.363438
6 0.166401 0.784062 0.012881 0.390156
