6 0.960713 0.611367 0.010156 0.280234
6 0.516279 0.630117 0.006348 0.172734
6 0.070874 0.635859 0.007471 0.204844
6 0.081392 0.668477 0.007529 0.288047
6 0.076802 0.650703 0.007939 0.232969
6 0.093633 0.659219 0.008789 0.250313
6 0.099868 0.695937 0.006709 0.221406
6 0.124966 0.713320 0.008389 0.321953
6 0.109160 0.706875 0.009336 0.343125
6 0.128008 0.721211 0.010352 0.318516
6 0.144219 0.722695 0.008145 0.352578
6 0.149697 0.776563 0.011523 0.389062
6 0.167246 0.819141 0.007500 0.338281
6 0.187061 0.837578 0.010957 0.324844
6 0.174648 0.796328 0.010566 0.398438
6 0.212983 0.841641 0.010615 0.316719
6 0.230200 0.831016 0.011592 0.328125
6 0.940161 0.655586 0.011865 0.571484
6 0.927695 0.690234 0.010820 0.614375
6 0.921812 0.691406 0.012354 0.611406
6 0.924053 0.738633 0.017188 0.516953
6 0.877690 0.716445 0.022490 0.567109
6 0.894458 0.712187 0.028486 0.572812
6 0.766895 0.784375 0.020898 0.431250
6 0.848130 0.718945 0.022686 0.559297
6 0.823232 0.703398 0.024180 0.586797
6 0.723467 0.808047 0.023770 0.383906
6 0.754526 0.760820 0.025322 0.478359
6 0.629512 0.694297 0.019688 0.611406
6 0.678696 0.787734 0.021318 0.424531
6 0.645830 0.713672 0.013359 0.572656
6 0.608760 0.718711 0.022988 0.562578
6 0.589287 0.733086 0.013105 0.460547
6 0.579048 0.753242 0.016221 0.342734
6 0.569912 0.730703 0.012207 0.311094
6 0.561807 0.680117 0.006523 0.339922
6 0.555879 0.687422 0.006523 0.291406
6 0.550391 0.657969 0.005527 0.294531
6 0.546460 0.661172 0.005283 0.294531
6 0.541431 0.646250 0.007002 0.302031
6 0.534111 0.643437 0.006113 0.262344
6 0.529800 0.650352 0.007080 0.261172
6 0.257354 0.783438 0.012402 0.433125
6 0.333467 0.783047 0.010605 0.433906
6 0.265098 0.821797 0.010820 0.356406
6 0.277700 0.780781 0.011182 0.408594
6 0.270977 0.793867 0.007344 0.405078
6 0.295596 0.772695 0.009727 0.443359
6 0.285127 0.817773 0.010781 0.364453
6 0.308486 0.793750 0.007988 0.409844
6 0.970581 0.546250 0.003955 0.135625
