6 0.357158 0.739336 0.007812 0.324453
6 0.398169 0.749609 0.007334 0.315625
6 0.414087 0.750938 0.008291 0.335313
6 0.419258 0.740156 0.006133 0.265000
6 0.577104 0.659219 0.009814 0.316562
6 0.582329 0.613750 0.008311 0.219219
6 0.427217 0.736563 0.006895 0.277969
6 0.433550 0.733906 0.008291 0.304063
6 0.442261 0.712734 0.009424 0.277344
6 0.452637 0.704297 0.008984 0.174687
6 0.461851 0.697695 0.007451 0.223828
6 0.467402 0.680742 0.006563 0.199453
6 0.022998 0.553867 0.005664 0.165703
6 0.739722 0.735156 0.029834 0.529687
