6 0.964131 0.598711 0.009121 0.272578
6 0.516895 0.625742 0.006348 0.173828
6 0.092280 0.693945 0.007432 0.221328
6 0.114917 0.688789 0.008389 0.292109
6 0.100786 0.683750 0.008818 0.318125
6 0.119307 0.702891 0.009512 0.291875
6 0.133833 0.762813 0.010850 0.358750
6 0.153086 0.797266 0.009492 0.338281
6 0.169922 0.823008 0.010957 0.330078
6 0.156768 0.787383 0.010566 0.398359
6 0.192925 0.839570 0.010615 0.320859
6 0.210205 0.822539 0.011582 0.335078
6 0.949180 0.650391 0.010156 0.549063
6 0.938955 0.697227 0.009004 0.605547
6 0.935405 0.685703 0.012354 0.611406
6 0.939980 0.732891 0.016094 0.517031
6 0.899038 0.717891 0.020107 0.560000
6 0.915010 0.709297 0.025293 0.572812
6 0.805264 0.782227 0.020898 0.431172
6 0.880420 0.713594 0.018262 0.564219
6 0.855425 0.708750 0.022041 0.580313
6 0.768013 0.803750 0.034873 0.392500
6 0.812837 0.749375 0.025322 0.501250
6 0.668955 0.691797 0.025703 0.616406
6 0.716455 0.783164 0.021777 0.433672
6 0.676709 0.701250 0.016113 0.572656
6 0.641245 0.704609 0.031709 0.590781
6 0.625801 0.742305 0.016152 0.515391
6 0.602246 0.750586 0.015039 0.498828
6 0.587969 0.776992 0.019668 0.387422
6 0.576494 0.748633 0.013105 0.338203
6 0.567578 0.689727 0.006523 0.370547
6 0.560742 0.702734 0.006523 0.312031
6 0.554048 0.672500 0.005693 0.318750
6 0.550498 0.673789 0.005273 0.315859
6 0.544780 0.651445 0.007471 0.325859
6 0.536436 0.654883 0.006270 0.281641
6 0.533081 0.660664 0.007666 0.284609
6 0.236006 0.779297 0.012402 0.441406
6 0.314873 0.777344 0.010684 0.431875
6 0.242617 0.814883 0.010820 0.362422
6 0.254097 0.784531 0.011182 0.416094
6 0.250010 0.796289 0.007344 0.405078
6 0.277461 0.771484 0.009727 0.446094
6 0.257935 0.819609 0.010791 0.359844
6 0.287881 0.791133 0.010547 0.409922
6 0.971572 0.545156 0.003926 0.126094
