6 0.965479 0.595352 0.008711 0.264609
6 0.517197 0.623555 0.006348 0.174453
6 0.109888 0.676523 0.008389 0.277109
6 0.096602 0.672187 0.008555 0.305625
6 0.114956 0.693750 0.009092 0.278594
6 0.129009 0.752656 0.010674 0.346875
6 0.162964 0.811133 0.010967 0.330078
6 0.147822 0.782891 0.010566 0.398438
6 0.184482 0.828164 0.011387 0.320859
6 0.200205 0.818359 0.011582 0.338594
6 0.953042 0.658125 0.010146 0.549063
6 0.943784 0.688633 0.009014 0.605547
6 0.939966 0.690000 0.012354 0.611406
6 0.906963 0.715742 0.017715 0.559922
6 0.922344 0.710703 0.025293 0.572812
6 0.824443 0.781172 0.020898 0.431250
6 0.890967 0.715703 0.017539 0.562812
6 0.871528 0.711445 0.020967 0.577109
6 0.788394 0.802305 0.032002 0.392578
6 0.841992 0.743633 0.025332 0.512734
6 0.688672 0.690586 0.028711 0.618828
6 0.738350 0.780664 0.021777 0.438672
6 0.696011 0.702500 0.016631 0.578437
6 0.657490 0.697578 0.036074 0.604844
6 0.639053 0.742305 0.016152 0.515391
6 0.610068 0.752031 0.014824 0.495938
6 0.592432 0.788867 0.021387 0.409766
6 0.579790 0.757656 0.013564 0.351719
6 0.571504 0.696875 0.007676 0.393437
6 0.563696 0.710391 0.006514 0.322344
6 0.555869 0.679805 0.005781 0.330859
6 0.552515 0.680117 0.005283 0.326484
6 0.546460 0.654023 0.007705 0.337734
6 0.537593 0.660625 0.006338 0.291250
6 0.534722 0.665820 0.007959 0.296328
6 0.225215 0.774336 0.012402 0.451328
6 0.304536 0.774492 0.010713 0.430859
6 0.231377 0.811406 0.010820 0.365469
6 0.242295 0.786367 0.011172 0.419766
6 0.240874 0.791875 0.007334 0.414688
6 0.268027 0.770938 0.009727 0.448750
6 0.244404 0.819219 0.010781 0.359844
6 0.277578 0.789883 0.011836 0.409922
6 0.971909 0.547617 0.003896 0.123516
