6 0.142900 0.702148 0.011387 0.411328
6 0.210278 0.769961 0.009580 0.426016
6 0.222285 0.762227 0.013437 0.475547
6 0.254585 0.782500 0.010029 0.395000
6 0.639678 0.728477 0.022793 0.543047
6 0.595522 0.666680 0.011260 0.317266
6 0.236636 0.776641 0.011689 0.446719
6 0.263755 0.786641 0.008271 0.389219
6 0.263945 0.785039 0.010371 0.424141
6 0.285171 0.814023 0.010693 0.361484
6 0.297993 0.788438 0.011689 0.423125
6 0.307451 0.785391 0.011387 0.387813
6 0.321499 0.804961 0.009971 0.306484
6 0.342290 0.814961 0.013369 0.307109
6 0.359204 0.756680 0.007822 0.415859
6 0.366074 0.766875 0.008691 0.356250
6 0.370986 0.755625 0.010078 0.401250
6 0.377295 0.729219 0.010352 0.327969
6 0.387012 0.714063 0.007012 0.275312
6 0.404009 0.746602 0.009775 0.301484
6 0.401987 0.730547 0.007217 0.223594
6 0.411753 0.734805 0.010967 0.238359
6 0.418882 0.693984 0.009678 0.233594
6 0.425234 0.703008 0.007363 0.193828
6 0.429556 0.701367 0.005439 0.169609
6 0.554048 0.698359 0.010439 0.438750
6 0.559956 0.661445 0.010518 0.408359
6 0.937920 0.643789 0.009316 0.323516
