6 0.279839 0.735000 0.009912 0.435156
6 0.335347 0.782695 0.007666 0.379141
6 0.356025 0.795391 0.010918 0.409219
6 0.366567 0.788555 0.008506 0.327891
6 0.574536 0.714570 0.013115 0.411953
6 0.575352 0.641602 0.009531 0.241797
6 0.377637 0.775273 0.007930 0.318203
6 0.383467 0.794375 0.010664 0.393594
6 0.397939 0.770195 0.010273 0.347109
6 0.406313 0.746992 0.009092 0.249141
6 0.415347 0.737656 0.010908 0.216875
6 0.427085 0.727148 0.007451 0.275547
6 0.434141 0.711172 0.006563 0.251562
6 0.449087 0.701680 0.005029 0.203203
6 0.444849 0.681289 0.008135 0.160547
6 0.545332 0.665000 0.007344 0.259687
6 0.550825 0.662187 0.007139 0.238906
6 0.870508 0.730195 0.020254 0.539609
