6 0.066436 0.613438 0.007969 0.215156
6 0.093618 0.664883 0.008135 0.328047
6 0.927515 0.682617 0.017705 0.477109
6 0.777520 0.712461 0.017031 0.575078
6 0.512329 0.605742 0.005400 0.137109
6 0.105293 0.720313 0.009883 0.301562
6 0.131172 0.740078 0.006211 0.319375
6 0.130566 0.735977 0.007539 0.343047
6 0.118638 0.711484 0.007939 0.312969
6 0.143833 0.735469 0.010225 0.331875
6 0.156494 0.790234 0.008984 0.315937
6 0.172563 0.799492 0.012744 0.315078
6 0.202612 0.800469 0.012549 0.399062
6 0.186489 0.779570 0.010283 0.440859
6 0.217764 0.805391 0.010352 0.389219
6 0.241768 0.777891 0.009551 0.410781
6 0.262681 0.820703 0.015264 0.358594
6 0.277490 0.838555 0.012910 0.316641
6 0.299751 0.841211 0.011572 0.285391
6 0.296382 0.813164 0.010557 0.340391
6 0.325679 0.837500 0.010615 0.304375
6 0.339712 0.831602 0.011787 0.320234
6 0.355063 0.787930 0.005361 0.337578
6 0.784937 0.675391 0.020674 0.645156
6 0.772007 0.650000 0.018174 0.700000
6 0.744834 0.662070 0.024707 0.675859
6 0.709058 0.761875 0.023623 0.476250
6 0.671763 0.717305 0.020381 0.565391
6 0.632842 0.731289 0.021895 0.537422
6 0.599419 0.778789 0.020322 0.442422
6 0.618940 0.729688 0.016885 0.536250
6 0.587432 0.771953 0.013574 0.374688
6 0.574326 0.776445 0.010547 0.433516
6 0.556431 0.704961 0.008721 0.409609
6 0.546826 0.703125 0.009121 0.398906
6 0.360796 0.765937 0.008389 0.394687
6 0.371353 0.792266 0.008701 0.362969
6 0.964961 0.564219 0.005176 0.171563
