6 0.958999 0.617734 0.010674 0.284062
6 0.894292 0.665703 0.010928 0.443281
6 0.515977 0.632344 0.006348 0.172187
6 0.070874 0.635859 0.007471 0.204844
6 0.084326 0.671211 0.007539 0.288047
6 0.079302 0.650703 0.007939 0.232969
6 0.096992 0.667695 0.008789 0.255234
6 0.103662 0.696914 0.006348 0.221328
6 0.129995 0.725586 0.008389 0.336953
6 0.113350 0.718438 0.009590 0.355625
6 0.134961 0.728867 0.010352 0.333828
6 0.151338 0.729375 0.008848 0.363594
6 0.157627 0.783477 0.011855 0.404141
6 0.176387 0.821523 0.008477 0.338203
6 0.197241 0.840156 0.010967 0.319688
6 0.183594 0.800781 0.010566 0.398438
6 0.223013 0.842656 0.010615 0.314688
6 0.240200 0.835195 0.011592 0.324609
6 0.935010 0.668555 0.013574 0.593984
6 0.922065 0.686680 0.011729 0.618828
6 0.915015 0.694297 0.012354 0.611406
6 0.916089 0.741484 0.017725 0.517031
6 0.864282 0.712891 0.022490 0.574219
6 0.884180 0.713594 0.030078 0.572812
6 0.746504 0.803867 0.020898 0.392266
6 0.831982 0.721641 0.024902 0.556719
6 0.807139 0.700703 0.025254 0.590000
6 0.701196 0.810195 0.018213 0.379609
6 0.723403 0.782266 0.025322 0.435469
6 0.617241 0.704453 0.018545 0.591094
6 0.659814 0.790000 0.021094 0.420000
6 0.636323 0.724063 0.015244 0.551875
6 0.599824 0.723672 0.020664 0.552656
6 0.582803 0.724375 0.012148 0.441406
6 0.574590 0.741328 0.014492 0.320469
6 0.566616 0.721719 0.011748 0.297656
6 0.558926 0.675273 0.006523 0.324609
6 0.553965 0.679805 0.006523 0.281172
6 0.548564 0.650703 0.005449 0.282500
6 0.544443 0.654844 0.005273 0.283906
6 0.539756 0.643672 0.006758 0.290156
6 0.532944 0.637695 0.006045 0.252734
6 0.528159 0.645195 0.006787 0.249453
6 0.267910 0.782617 0.012402 0.434766
6 0.341099 0.779102 0.010576 0.423047
6 0.276743 0.818711 0.010830 0.362578
6 0.288877 0.784531 0.011172 0.408594
6 0.280635 0.793242 0.007344 0.405078
6 0.304287 0.773242 0.009727 0.443359
6 0.298779 0.815469 0.010781 0.369062
6 0.318789 0.795039 0.006699 0.409922
6 0.970303 0.547969 0.004004 0.139063
