6 0.346777 0.746094 0.007812 0.339063
6 0.390371 0.758203 0.007539 0.328906
6 0.406372 0.762539 0.008506 0.344609
6 0.411899 0.748594 0.006475 0.272813
6 0.575918 0.665352 0.010039 0.326016
6 0.581333 0.617734 0.008486 0.222500
6 0.420259 0.743906 0.006904 0.284375
6 0.426826 0.743164 0.008652 0.315234
6 0.436494 0.716328 0.009629 0.284531
6 0.447573 0.709023 0.009209 0.176016
6 0.456968 0.704492 0.007451 0.229453
6 0.462573 0.686797 0.006553 0.198281
6 0.018208 0.549414 0.005537 0.160547
6 0.761953 0.730273 0.030352 0.539453
