6 0.291152 0.738555 0.009492 0.418828
6 0.345176 0.785781 0.007500 0.367500
6 0.365767 0.802266 0.010127 0.395469
6 0.375098 0.790938 0.008203 0.311875
6 0.573145 0.704336 0.012324 0.392734
6 0.576348 0.637656 0.009355 0.238594
6 0.384888 0.772188 0.007588 0.313438
6 0.392300 0.795664 0.010908 0.382109
6 0.404727 0.771367 0.010273 0.333828
6 0.412554 0.744492 0.008936 0.242891
6 0.420874 0.732891 0.010596 0.207344
6 0.432251 0.729414 0.007451 0.263828
6 0.438877 0.707109 0.006562 0.242656
6 0.453164 0.694414 0.005039 0.203203
6 0.448740 0.681953 0.007969 0.159219
6 0.545288 0.662617 0.007080 0.244766
6 0.551255 0.658789 0.007139 0.231172
6 0.856270 0.729648 0.022148 0.540703
