6 0.162559 0.728750 0.011777 0.440937
6 0.231113 0.773438 0.009570 0.425938
6 0.243867 0.761094 0.013438 0.477812
6 0.274458 0.781172 0.010029 0.395000
6 0.617578 0.732539 0.021133 0.534922
6 0.587046 0.629414 0.011260 0.273984
6 0.258149 0.774258 0.010615 0.451484
6 0.289546 0.775000 0.008271 0.377188
6 0.283477 0.787930 0.010371 0.424141
6 0.303667 0.798555 0.010010 0.371484
6 0.318472 0.784297 0.011689 0.431406
6 0.327119 0.777813 0.011387 0.389219
6 0.337720 0.794258 0.009971 0.299766
6 0.356719 0.795430 0.013379 0.300234
6 0.372573 0.741719 0.007412 0.392500
6 0.377832 0.752344 0.008691 0.340469
6 0.385767 0.728555 0.010303 0.367891
6 0.396118 0.702930 0.007002 0.264609
6 0.412075 0.725195 0.008643 0.275234
6 0.408843 0.709336 0.007842 0.213516
6 0.418555 0.710313 0.009980 0.234531
6 0.426133 0.686836 0.008437 0.222266
6 0.431582 0.678828 0.007285 0.186094
6 0.435513 0.677578 0.004932 0.168281
6 0.549761 0.681055 0.009932 0.408984
6 0.555635 0.647266 0.009590 0.375313
6 0.932520 0.694141 0.011328 0.352344
