6 0.974878 0.580977 0.005928 0.232734
6 0.520483 0.621914 0.006357 0.178828
6 0.093872 0.691680 0.007959 0.276016
6 0.115747 0.747734 0.007959 0.274844
6 0.104336 0.695664 0.010566 0.300859
6 0.129951 0.745586 0.011113 0.276172
6 0.138975 0.744727 0.007246 0.277734
6 0.958188 0.655977 0.010771 0.448984
6 0.915801 0.741641 0.020352 0.440156
6 0.944790 0.666719 0.011787 0.444687
6 0.901602 0.773672 0.017695 0.452656
6 0.929414 0.727031 0.017871 0.467187
6 0.877451 0.692656 0.016914 0.614688
6 0.846865 0.687578 0.018574 0.624844
6 0.876611 0.702813 0.022637 0.594375
6 0.822041 0.726953 0.022012 0.541094
6 0.781875 0.734844 0.020215 0.530312
6 0.724385 0.726562 0.022012 0.545156
6 0.681777 0.815391 0.021387 0.369219
6 0.641953 0.789102 0.018535 0.419297
6 0.617300 0.733594 0.015205 0.532813
6 0.600151 0.767695 0.013135 0.441953
6 0.579570 0.732813 0.013125 0.451562
6 0.577617 0.718398 0.007715 0.449766
6 0.564468 0.674844 0.009600 0.434219
6 0.556514 0.712734 0.009121 0.430469
6 0.549121 0.709688 0.010293 0.390000
6 0.218848 0.770547 0.010723 0.458906
6 0.151963 0.788789 0.010820 0.386484
6 0.162065 0.781523 0.011182 0.418516
6 0.173262 0.761680 0.008379 0.399453
6 0.195962 0.757070 0.009424 0.447734
6 0.141748 0.787852 0.011563 0.385234
6 0.191626 0.798516 0.012881 0.402969
