6 0.112285 0.674766 0.012520 0.343125
6 0.179131 0.764492 0.013437 0.471016
6 0.215942 0.773203 0.008779 0.395000
6 0.708276 0.718125 0.025264 0.563750
6 0.616831 0.682187 0.011260 0.403750
6 0.197642 0.779414 0.011689 0.441172
6 0.220767 0.775625 0.008271 0.389219
6 0.225781 0.792461 0.010371 0.415078
6 0.244106 0.817617 0.012568 0.356484
6 0.257046 0.796719 0.011689 0.406563
6 0.268105 0.800586 0.011387 0.385078
6 0.286284 0.828945 0.009971 0.319922
6 0.309854 0.836758 0.013379 0.320703
6 0.328022 0.786523 0.009521 0.426953
6 0.337593 0.797695 0.009209 0.404609
6 0.341675 0.787891 0.010146 0.424219
6 0.350791 0.779570 0.010352 0.375703
6 0.366558 0.735117 0.007510 0.301328
6 0.386558 0.773047 0.011729 0.343906
6 0.385044 0.753750 0.009287 0.243750
6 0.396372 0.764063 0.012373 0.253750
6 0.404282 0.723672 0.010498 0.270625
6 0.412368 0.733594 0.007510 0.209375
6 0.414746 0.733164 0.006445 0.208828
6 0.566152 0.736758 0.011777 0.495078
6 0.574448 0.711406 0.011260 0.502188
6 0.556831 0.746992 0.007510 0.382109
6 0.542793 0.722969 0.011270 0.395313
6 0.947432 0.601602 0.006992 0.269609
