6 0.105703 0.679492 0.013281 0.326172
6 0.168340 0.765078 0.013437 0.469844
6 0.206377 0.769883 0.008359 0.395078
6 0.731172 0.711211 0.025879 0.577578
6 0.623252 0.671289 0.011250 0.425391
6 0.189194 0.779414 0.011689 0.441172
6 0.210024 0.772813 0.008271 0.389219
6 0.216016 0.797031 0.010371 0.405937
6 0.233496 0.816250 0.013086 0.356406
6 0.245483 0.798086 0.011689 0.403828
6 0.258271 0.804375 0.011387 0.384375
6 0.276113 0.830039 0.009980 0.323203
6 0.300850 0.837930 0.013379 0.324141
6 0.320229 0.789570 0.009932 0.420859
6 0.328979 0.798242 0.009385 0.403516
6 0.334409 0.790508 0.010283 0.418984
6 0.344170 0.792148 0.010352 0.387578
6 0.359766 0.739375 0.008008 0.311250
6 0.381196 0.767266 0.011982 0.346875
6 0.379590 0.742656 0.010078 0.248750
6 0.392075 0.766445 0.012588 0.259297
6 0.400381 0.726680 0.010566 0.281016
6 0.409023 0.727773 0.007539 0.213203
6 0.410322 0.733320 0.006699 0.220234
6 0.569575 0.710977 0.012334 0.506484
6 0.579194 0.707969 0.011260 0.509062
6 0.560830 0.750859 0.008457 0.394062
6 0.544629 0.711016 0.012090 0.410469
6 0.949492 0.605664 0.006836 0.257109
