6 0.232837 0.722461 0.011396 0.470703
6 0.294937 0.775664 0.008760 0.414297
6 0.317070 0.767930 0.014082 0.464141
6 0.332427 0.778984 0.009717 0.391719
6 0.580117 0.755586 0.016270 0.488828
6 0.573813 0.654531 0.010225 0.254687
6 0.320864 0.775234 0.008213 0.442500
6 0.344185 0.766133 0.008271 0.341016
6 0.346865 0.786016 0.010313 0.427969
6 0.356870 0.768398 0.008662 0.363828
6 0.370791 0.765469 0.010273 0.400312
6 0.381333 0.757148 0.009678 0.273984
6 0.393247 0.756797 0.012139 0.255156
6 0.406001 0.723281 0.007432 0.322344
6 0.415039 0.724141 0.007090 0.290938
6 0.434849 0.696758 0.006123 0.221797
6 0.429946 0.682734 0.008486 0.176719
6 0.545508 0.674375 0.008379 0.319375
6 0.550303 0.671563 0.007480 0.278438
6 0.902246 0.748281 0.015449 0.503437
