6 0.970874 0.582070 0.007080 0.232734
6 0.518584 0.618008 0.006348 0.176641
6 0.100801 0.679492 0.006191 0.255078
6 0.109727 0.711992 0.009961 0.299609
6 0.136460 0.763516 0.010967 0.298438
6 0.123496 0.740039 0.010566 0.352734
6 0.153257 0.793672 0.012764 0.320937
6 0.166221 0.793086 0.009414 0.309922
6 0.962700 0.629883 0.010146 0.441016
6 0.957407 0.621445 0.012354 0.491484
6 0.944912 0.697578 0.019102 0.540781
6 0.881245 0.768945 0.020791 0.433047
6 0.924399 0.692969 0.015791 0.505781
6 0.858838 0.789453 0.026270 0.418281
6 0.903965 0.756523 0.021563 0.486953
6 0.802422 0.673594 0.026211 0.652813
6 0.821729 0.775703 0.021777 0.448594
6 0.774517 0.702305 0.017979 0.595391
6 0.775366 0.688281 0.033057 0.623437
6 0.737344 0.726562 0.022012 0.544375
6 0.701167 0.743555 0.017412 0.512891
6 0.655317 0.737812 0.017744 0.524375
6 0.625811 0.803281 0.021387 0.390938
6 0.602075 0.789023 0.015889 0.421953
6 0.590083 0.721289 0.011943 0.476328
6 0.578364 0.743359 0.008760 0.398281
6 0.566211 0.707187 0.008340 0.387188
6 0.560591 0.705391 0.005283 0.369062
6 0.554351 0.657500 0.008662 0.399063
6 0.545449 0.685664 0.007363 0.350391
6 0.541284 0.686484 0.009131 0.343125
6 0.185771 0.767500 0.012402 0.465000
6 0.262090 0.792070 0.013633 0.409609
6 0.188896 0.803516 0.010820 0.377500
6 0.196958 0.789492 0.011182 0.421016
6 0.205684 0.780664 0.007344 0.433828
6 0.230293 0.768594 0.009727 0.459688
6 0.189912 0.811797 0.010781 0.374375
6 0.232817 0.801094 0.012881 0.397813
