6 0.080776 0.627852 0.008311 0.248984
6 0.127480 0.720234 0.010820 0.403125
6 0.861157 0.703828 0.021533 0.592344
6 0.675664 0.721523 0.013730 0.537109
6 0.142974 0.737617 0.008193 0.401328
6 0.147485 0.773008 0.010381 0.419922
6 0.176201 0.785859 0.008926 0.356406
6 0.182734 0.796250 0.008926 0.392813
6 0.161997 0.777930 0.007939 0.394766
6 0.200869 0.798320 0.011387 0.395547
6 0.216831 0.820781 0.009971 0.333281
6 0.239238 0.834648 0.013379 0.312578
6 0.255771 0.802109 0.009941 0.395781
6 0.275938 0.801562 0.010410 0.396875
6 0.268442 0.794180 0.010283 0.405703
6 0.290254 0.808789 0.010352 0.382422
6 0.312280 0.773008 0.009521 0.375859
6 0.338408 0.817656 0.013516 0.364688
6 0.343892 0.841797 0.010635 0.290781
6 0.361021 0.804336 0.013018 0.282734
6 0.364360 0.793047 0.010557 0.351406
6 0.374233 0.796445 0.009385 0.281797
6 0.384058 0.787578 0.008252 0.284219
6 0.620747 0.712969 0.016650 0.574062
6 0.627725 0.696523 0.018184 0.606953
6 0.609956 0.711445 0.011807 0.577109
6 0.592651 0.765508 0.011279 0.466328
6 0.587686 0.738398 0.011270 0.510859
6 0.568110 0.742070 0.016924 0.501797
6 0.396582 0.722852 0.008379 0.287422
6 0.408120 0.762852 0.008701 0.283203
6 0.958379 0.580039 0.005508 0.221172
