6 0.067676 0.616992 0.008086 0.220078
6 0.096484 0.670859 0.008203 0.336406
6 0.920591 0.692305 0.019463 0.508828
6 0.762085 0.712070 0.017021 0.575859
6 0.511958 0.604727 0.005283 0.137578
6 0.109180 0.728789 0.010371 0.311172
6 0.136797 0.751016 0.006602 0.330000
6 0.137900 0.743555 0.007539 0.343047
6 0.123579 0.720742 0.007939 0.323359
6 0.149883 0.744609 0.010703 0.340469
6 0.163530 0.801875 0.009482 0.324531
6 0.181572 0.808086 0.012871 0.315078
6 0.189946 0.803086 0.009951 0.393828
6 0.213242 0.802852 0.011953 0.394297
6 0.197573 0.781016 0.010283 0.432031
6 0.228008 0.808281 0.010352 0.383437
6 0.252617 0.781875 0.009551 0.410781
6 0.274033 0.817109 0.015020 0.365781
6 0.287485 0.841602 0.014150 0.313672
6 0.309565 0.837305 0.011787 0.284922
6 0.308086 0.810781 0.010566 0.336875
6 0.333315 0.832852 0.010615 0.304453
6 0.347212 0.825547 0.011846 0.315937
6 0.361772 0.788398 0.005361 0.345547
6 0.755947 0.676172 0.020117 0.641406
6 0.746074 0.647852 0.018184 0.704297
6 0.717822 0.662070 0.024707 0.675859
6 0.681602 0.757617 0.023633 0.478359
6 0.654810 0.719766 0.018232 0.560469
6 0.617217 0.737187 0.017734 0.525625
6 0.593540 0.767656 0.018857 0.418750
6 0.606196 0.732891 0.011807 0.534219
6 0.582197 0.760352 0.012598 0.357266
6 0.567256 0.777188 0.008066 0.425312
6 0.553037 0.694961 0.008047 0.382422
6 0.544678 0.693828 0.008535 0.378750
6 0.367861 0.760898 0.008379 0.379766
6 0.377812 0.787461 0.008691 0.346328
6 0.964253 0.565781 0.005342 0.174687
