6 0.056514 0.580039 0.004746 0.163359
6 0.071191 0.641797 0.005078 0.235156
6 0.954634 0.627383 0.011396 0.308828
6 0.875884 0.658828 0.010928 0.443281
6 0.515303 0.628594 0.006250 0.162344
6 0.076870 0.652734 0.007451 0.224219
6 0.089678 0.671211 0.007539 0.288047
6 0.084292 0.650703 0.007939 0.232969
6 0.103691 0.684570 0.008789 0.265234
6 0.111880 0.705117 0.006182 0.233359
6 0.140044 0.750117 0.008389 0.366953
6 0.123491 0.734102 0.010791 0.386328
6 0.148877 0.744141 0.010352 0.364375
6 0.165703 0.745937 0.009551 0.384687
6 0.175137 0.790000 0.012188 0.420000
6 0.194663 0.826250 0.010459 0.338125
6 0.217603 0.845391 0.010967 0.309219
6 0.204629 0.806992 0.010566 0.376484
6 0.244038 0.843711 0.010615 0.312578
6 0.261758 0.834219 0.012227 0.324688
6 0.922300 0.686641 0.016924 0.616406
6 0.905708 0.674805 0.014951 0.646484
6 0.896230 0.668516 0.017715 0.662969
6 0.890737 0.740430 0.020674 0.519141
6 0.832090 0.707148 0.023359 0.583984
6 0.850649 0.694141 0.033857 0.611719
6 0.704297 0.793867 0.020898 0.412266
6 0.784365 0.719297 0.025703 0.561406
6 0.759561 0.703594 0.025254 0.590000
6 0.666587 0.806758 0.017139 0.386484
6 0.669775 0.767539 0.027441 0.464922
6 0.597827 0.719141 0.016260 0.561719
6 0.633892 0.789805 0.020459 0.420391
6 0.614468 0.726172 0.013350 0.547656
6 0.581963 0.733594 0.016016 0.532813
6 0.565669 0.717578 0.011045 0.275781
6 0.560034 0.703789 0.010850 0.270547
6 0.553159 0.665664 0.006514 0.293984
6 0.544907 0.636133 0.005283 0.258359
6 0.530625 0.626211 0.005898 0.233516
6 0.524883 0.634883 0.006211 0.226016
6 0.289507 0.781367 0.011064 0.437266
6 0.356372 0.771211 0.010498 0.401172
6 0.300034 0.826953 0.010830 0.346094
6 0.311235 0.791953 0.011182 0.408594
6 0.299131 0.804688 0.007344 0.390625
6 0.321689 0.774414 0.009727 0.443359
6 0.325381 0.812734 0.010781 0.374531
6 0.336958 0.793320 0.007256 0.413359
6 0.969746 0.551406 0.004102 0.145937
