6 0.522383 0.625820 0.006348 0.181172
6 0.964629 0.626094 0.009707 0.380625
6 0.950098 0.690117 0.011914 0.422891
6 0.921230 0.706719 0.016309 0.586562
6 0.892529 0.708711 0.012402 0.582578
6 0.927051 0.708750 0.013672 0.582500
6 0.879316 0.729883 0.016465 0.540234
6 0.852085 0.736094 0.017061 0.527813
6 0.805718 0.724922 0.020811 0.545156
6 0.756699 0.818086 0.021387 0.363828
6 0.700479 0.796953 0.017148 0.406094
6 0.663281 0.724922 0.018359 0.550156
6 0.634297 0.777656 0.018906 0.442031
6 0.605981 0.746445 0.011279 0.478984
6 0.600659 0.732344 0.009346 0.535313
6 0.580464 0.715508 0.010557 0.506484
6 0.567578 0.739805 0.010879 0.510391
6 0.559800 0.737812 0.011455 0.436875
6 0.179399 0.767031 0.010283 0.465938
6 0.148042 0.726836 0.009170 0.347734
6 0.166772 0.722422 0.008838 0.412969
6 0.115640 0.742461 0.013115 0.363359
6 0.157988 0.776836 0.012891 0.383828
