6 0.095063 0.666055 0.012236 0.301328
6 0.154238 0.750391 0.012559 0.447656
6 0.188940 0.769883 0.007939 0.395078
6 0.779824 0.703828 0.025508 0.592344
6 0.638799 0.683242 0.011250 0.468672
6 0.172300 0.760820 0.011689 0.441172
6 0.188530 0.767305 0.008271 0.389297
6 0.196484 0.806133 0.010371 0.387734
6 0.213828 0.816250 0.013086 0.356406
6 0.223228 0.800859 0.011689 0.398281
6 0.238926 0.806172 0.011387 0.386094
6 0.255776 0.832266 0.009971 0.329844
6 0.280854 0.818984 0.013369 0.307500
6 0.299028 0.794219 0.009932 0.411563
6 0.311738 0.799336 0.009727 0.401328
6 0.314702 0.793164 0.010283 0.413672
6 0.328018 0.798281 0.010352 0.386563
6 0.346182 0.747930 0.009004 0.331016
6 0.368345 0.772773 0.012490 0.352734
6 0.368970 0.763594 0.010439 0.258906
6 0.383481 0.771211 0.012998 0.270703
6 0.389102 0.743633 0.010566 0.303359
6 0.395562 0.753203 0.008057 0.240000
6 0.402061 0.749258 0.007207 0.243047
6 0.583149 0.717461 0.013447 0.529297
6 0.590854 0.712461 0.013564 0.538672
6 0.568833 0.758633 0.010342 0.418203
6 0.551162 0.732812 0.013691 0.440937
6 0.952910 0.603789 0.006445 0.239922
