6 0.061465 0.599258 0.007520 0.195391
6 0.082144 0.640977 0.007842 0.294609
6 0.944004 0.640586 0.012227 0.392734
6 0.830039 0.695547 0.015977 0.547969
6 0.513818 0.609844 0.005820 0.135000
6 0.089756 0.686523 0.007910 0.262891
6 0.105547 0.712500 0.007539 0.342969
6 0.099966 0.676133 0.007939 0.268359
6 0.121025 0.704297 0.008789 0.296875
6 0.128335 0.743750 0.007002 0.281250
6 0.167437 0.776680 0.011729 0.420078
6 0.150381 0.753086 0.012930 0.440859
6 0.180684 0.776641 0.010352 0.395000
6 0.201934 0.764883 0.009551 0.402734
6 0.215630 0.795312 0.012803 0.409375
6 0.234312 0.828984 0.012432 0.342031
6 0.259673 0.851641 0.010967 0.290781
6 0.249580 0.822695 0.010566 0.354609
6 0.286763 0.842461 0.010615 0.311016
6 0.303262 0.833945 0.011797 0.324609
6 0.323765 0.808984 0.005361 0.329688
6 0.879624 0.653164 0.021768 0.652422
6 0.859834 0.664336 0.018184 0.671328
6 0.839087 0.662070 0.020049 0.675859
6 0.821382 0.760820 0.023623 0.478359
6 0.756978 0.698555 0.026826 0.594297
6 0.734629 0.707852 0.034355 0.584297
6 0.639561 0.787070 0.020898 0.421641
6 0.685264 0.720742 0.024258 0.547109
6 0.674883 0.720039 0.019316 0.559922
6 0.615791 0.799453 0.015527 0.401094
6 0.606177 0.762969 0.020459 0.474063
6 0.572002 0.730195 0.011914 0.511016
6 0.593486 0.783242 0.022715 0.428828
6 0.587598 0.710781 0.013672 0.472188
6 0.559888 0.728437 0.011631 0.472813
6 0.329121 0.778242 0.008379 0.431797
6 0.383271 0.748750 0.010352 0.357500
6 0.339731 0.806406 0.009541 0.387188
6 0.350981 0.794453 0.011182 0.411094
6 0.354888 0.772070 0.010576 0.443359
6 0.368330 0.802656 0.010781 0.378906
6 0.967778 0.557969 0.004521 0.159062
