6 0.057734 0.588633 0.007187 0.180547
6 0.073535 0.623086 0.007617 0.269453
6 0.951978 0.630664 0.011611 0.329766
6 0.865327 0.671406 0.013096 0.486875
6 0.514932 0.622695 0.006133 0.153047
6 0.079873 0.661172 0.007441 0.233906
6 0.092090 0.668477 0.007539 0.288047
6 0.086787 0.650703 0.007930 0.232969
6 0.107051 0.693047 0.008789 0.270156
6 0.116304 0.712266 0.006396 0.245313
6 0.146895 0.756758 0.009219 0.380234
6 0.129443 0.738242 0.011719 0.404453
6 0.155830 0.751797 0.010352 0.379687
6 0.172949 0.755859 0.009551 0.394531
6 0.184712 0.789648 0.012197 0.420703
6 0.203809 0.828594 0.011445 0.338125
6 0.227783 0.848008 0.010957 0.303984
6 0.215146 0.810078 0.010566 0.365469
6 0.255034 0.843711 0.010615 0.312578
6 0.272539 0.833711 0.012539 0.324609
6 0.914746 0.691797 0.018555 0.616406
6 0.897524 0.668867 0.016572 0.660391
6 0.883896 0.666367 0.017715 0.667266
6 0.878057 0.739883 0.022148 0.520234
6 0.813311 0.705000 0.024219 0.586562
6 0.823940 0.703867 0.034111 0.592266
6 0.683193 0.788867 0.020898 0.422266
6 0.758613 0.720742 0.025703 0.558516
6 0.735771 0.705000 0.025254 0.590000
6 0.652637 0.805039 0.016602 0.389922
6 0.651196 0.764258 0.025693 0.467266
6 0.590684 0.723711 0.015117 0.552578
6 0.622300 0.788945 0.020049 0.422109
6 0.607246 0.734375 0.013359 0.531250
6 0.573032 0.738555 0.013701 0.522891
6 0.561206 0.705703 0.009326 0.253437
6 0.556738 0.694805 0.010391 0.256953
6 0.550273 0.660820 0.006523 0.278672
6 0.300537 0.780977 0.009727 0.438047
6 0.363999 0.767305 0.010459 0.390234
6 0.311680 0.813086 0.010820 0.373828
6 0.322417 0.795703 0.011182 0.408594
6 0.308564 0.791992 0.007344 0.406172
6 0.330381 0.774961 0.009727 0.443359
6 0.338320 0.812305 0.010781 0.375391
6 0.346045 0.792461 0.007520 0.415078
6 0.969468 0.553125 0.004150 0.149375
