6 0.976055 0.576523 0.005918 0.232734
6 0.520957 0.622891 0.006348 0.179531
6 0.112017 0.724766 0.007959 0.248906
6 0.099976 0.684453 0.010557 0.287344
6 0.124570 0.731523 0.010586 0.261328
6 0.958188 0.655977 0.010771 0.448984
6 0.921704 0.741641 0.014990 0.440156
6 0.947476 0.666719 0.010713 0.444687
6 0.910991 0.756523 0.017705 0.452578
6 0.935771 0.714727 0.016953 0.452422
6 0.888623 0.700508 0.016309 0.598984
6 0.860142 0.692891 0.017041 0.614219
6 0.889219 0.704297 0.020391 0.591406
6 0.839897 0.729883 0.022021 0.540234
6 0.802139 0.732344 0.020996 0.535313
6 0.744722 0.726133 0.021709 0.545234
6 0.699648 0.818242 0.021387 0.363516
6 0.653838 0.790117 0.019219 0.416016
6 0.625381 0.728945 0.015996 0.537109
6 0.607134 0.771445 0.014580 0.441953
6 0.584312 0.763086 0.012666 0.473828
6 0.582612 0.720625 0.008525 0.473125
6 0.567080 0.691133 0.009844 0.458828
6 0.559282 0.719492 0.009561 0.450391
6 0.551182 0.715703 0.010586 0.401719
6 0.208984 0.769648 0.010605 0.460703
6 0.145024 0.775586 0.010830 0.386484
6 0.153882 0.772383 0.011182 0.418516
6 0.165991 0.755078 0.009424 0.399375
6 0.188232 0.751836 0.009277 0.438984
6 0.134731 0.773789 0.012334 0.374297
6 0.183218 0.798516 0.012881 0.402969
