6 0.151328 0.735156 0.011582 0.432812
6 0.220698 0.771719 0.009580 0.425938
6 0.233076 0.761641 0.013438 0.476719
6 0.264521 0.781836 0.010020 0.395078
6 0.625396 0.726172 0.021963 0.547656
6 0.591284 0.648047 0.011260 0.295625
6 0.247393 0.775430 0.011152 0.449141
6 0.280278 0.777617 0.008271 0.383203
6 0.273408 0.784102 0.010371 0.424141
6 0.294424 0.806289 0.010352 0.366484
6 0.308237 0.786367 0.011689 0.427266
6 0.317285 0.781602 0.011387 0.388516
6 0.329614 0.799609 0.009971 0.303125
6 0.349502 0.805195 0.013379 0.303672
6 0.367002 0.744805 0.007402 0.404141
6 0.371953 0.759648 0.008691 0.348359
6 0.378374 0.742070 0.010186 0.384609
6 0.391567 0.708477 0.007002 0.269922
6 0.408042 0.735898 0.009209 0.288359
6 0.405415 0.719961 0.007529 0.218516
6 0.415156 0.722539 0.010469 0.236484
6 0.422510 0.690391 0.009063 0.227969
6 0.428408 0.690898 0.007324 0.189922
6 0.432534 0.689492 0.005186 0.168984
6 0.551797 0.676836 0.010176 0.423828
6 0.556753 0.637070 0.009932 0.391484
6 0.935220 0.668945 0.010322 0.337891
