6 0.118872 0.670078 0.011768 0.360156
6 0.189917 0.763906 0.013428 0.472187
6 0.225513 0.776523 0.009189 0.395078
6 0.689302 0.721367 0.024639 0.557266
6 0.610415 0.693047 0.011260 0.382188
6 0.207388 0.778711 0.011689 0.442578
6 0.231519 0.778359 0.008271 0.389219
6 0.235547 0.787930 0.010371 0.424141
6 0.254712 0.819023 0.012061 0.356484
6 0.267280 0.794648 0.011689 0.410703
6 0.277944 0.796797 0.011396 0.385781
6 0.295781 0.822305 0.009980 0.316484
6 0.318857 0.835625 0.013379 0.317344
6 0.335815 0.783516 0.009092 0.432969
6 0.346211 0.797148 0.009043 0.405703
6 0.348936 0.785313 0.010000 0.429375
6 0.357422 0.766992 0.010352 0.363672
6 0.373350 0.730820 0.007012 0.291484
6 0.391919 0.778750 0.011475 0.340938
6 0.390503 0.764766 0.008486 0.238750
6 0.400664 0.761680 0.012168 0.248047
6 0.408179 0.720703 0.010439 0.260156
6 0.415713 0.739375 0.007461 0.205469
6 0.419170 0.732930 0.006191 0.197422
6 0.562632 0.758203 0.011221 0.483594
6 0.569556 0.734609 0.012256 0.458906
6 0.540957 0.735000 0.010469 0.380156
6 0.945381 0.597461 0.007148 0.282109
