6 0.070166 0.624102 0.008320 0.229922
6 0.105933 0.687617 0.009072 0.358672
6 0.906729 0.711719 0.022988 0.572031
6 0.730552 0.700195 0.017021 0.599609
6 0.511211 0.602695 0.005078 0.138672
6 0.120566 0.737109 0.010371 0.355469
6 0.148032 0.772969 0.007373 0.351250
6 0.151445 0.770508 0.007539 0.367891
6 0.134819 0.739609 0.007939 0.349063
6 0.165859 0.769492 0.011035 0.370391
6 0.178457 0.804063 0.009980 0.333281
6 0.199580 0.825273 0.013125 0.315078
6 0.209976 0.805937 0.009932 0.388125
6 0.234512 0.807617 0.010762 0.384766
6 0.219722 0.783828 0.010283 0.414531
6 0.248506 0.814102 0.010352 0.371797
6 0.274316 0.789844 0.009551 0.410781
6 0.296743 0.809922 0.014521 0.380156
6 0.307319 0.842734 0.014912 0.314531
6 0.327710 0.827578 0.012197 0.284219
6 0.327471 0.813320 0.010566 0.348516
6 0.348579 0.823555 0.010615 0.304453
6 0.362217 0.813359 0.011953 0.307187
6 0.375186 0.789258 0.005371 0.361328
6 0.697954 0.677813 0.019014 0.634062
6 0.695352 0.676836 0.018184 0.646328
6 0.675249 0.673516 0.023271 0.652969
6 0.645190 0.758477 0.021045 0.477266
6 0.625405 0.725430 0.015127 0.546641
6 0.594570 0.738906 0.017734 0.522188
6 0.581772 0.745313 0.015928 0.371406
6 0.571724 0.737148 0.010635 0.322266
6 0.560820 0.753945 0.008086 0.402891
6 0.547617 0.678438 0.007266 0.341562
6 0.540381 0.675234 0.007402 0.338281
6 0.379351 0.749414 0.008389 0.348047
6 0.390732 0.777813 0.008691 0.313125
6 0.962520 0.569883 0.005508 0.186484
