6 0.245029 0.725156 0.011074 0.469219
6 0.305864 0.773320 0.008193 0.414297
6 0.326812 0.774805 0.013291 0.450391
6 0.340962 0.781406 0.009424 0.375781
6 0.578721 0.745352 0.015488 0.469609
6 0.572368 0.653555 0.010049 0.251484
6 0.330796 0.779336 0.007549 0.430859
6 0.352456 0.770195 0.008271 0.335078
6 0.356338 0.788867 0.010234 0.422266
6 0.364980 0.768828 0.008652 0.350000
6 0.377578 0.766680 0.010273 0.386953
6 0.387578 0.754648 0.009531 0.267734
6 0.398770 0.752031 0.011836 0.245625
6 0.411577 0.720156 0.007432 0.310625
6 0.419922 0.723398 0.006563 0.278203
6 0.438408 0.697969 0.005859 0.217187
6 0.433506 0.681406 0.008477 0.170000
6 0.545464 0.671992 0.008115 0.304453
6 0.549526 0.672539 0.007139 0.262266
6 0.895918 0.745703 0.015977 0.505000
