6 0.058979 0.592148 0.007295 0.185547
6 0.076406 0.629023 0.007695 0.277891
6 0.949316 0.633984 0.011816 0.350781
6 0.854766 0.683984 0.015273 0.530469
6 0.514561 0.616758 0.006035 0.143828
6 0.082876 0.669648 0.007432 0.243516
6 0.096577 0.683164 0.007529 0.306328
6 0.091182 0.659180 0.007930 0.244766
6 0.111709 0.696797 0.008789 0.279062
6 0.120728 0.719453 0.006592 0.257344
6 0.153740 0.763398 0.010059 0.393516
6 0.135400 0.742344 0.012656 0.422656
6 0.162793 0.759453 0.010352 0.395000
6 0.182607 0.758867 0.009551 0.397266
6 0.194287 0.789297 0.012187 0.421406
6 0.212944 0.830977 0.012432 0.338047
6 0.238413 0.849219 0.010967 0.299687
6 0.226621 0.814297 0.010566 0.361875
6 0.266030 0.843711 0.010615 0.312578
6 0.283315 0.833242 0.012861 0.324609
6 0.305430 0.816211 0.005371 0.344141
6 0.904443 0.690508 0.018555 0.618984
6 0.889346 0.662891 0.018184 0.674219
6 0.871553 0.664219 0.017715 0.671563
6 0.865381 0.739336 0.023633 0.521328
6 0.794536 0.702852 0.025088 0.589141
6 0.797236 0.713594 0.034355 0.572812
6 0.667578 0.791016 0.020898 0.417969
6 0.732852 0.722187 0.025703 0.555625
6 0.715474 0.710000 0.023271 0.580000
6 0.638682 0.803320 0.016055 0.393359
6 0.632607 0.760977 0.023945 0.469453
6 0.583540 0.728242 0.013975 0.543516
6 0.610703 0.788125 0.019648 0.423750
6 0.600024 0.729531 0.013350 0.502812
6 0.568647 0.735195 0.013018 0.506172
6 0.553447 0.685820 0.009941 0.243516
6 0.547393 0.656016 0.006523 0.263281
6 0.311577 0.780547 0.008389 0.438906
6 0.371636 0.763320 0.010420 0.379297
6 0.321030 0.810859 0.010400 0.378281
6 0.331938 0.795312 0.011182 0.409375
6 0.317397 0.784805 0.007334 0.406172
6 0.339082 0.775547 0.009727 0.443438
6 0.348320 0.809063 0.010781 0.376563
6 0.354585 0.791602 0.006709 0.416797
6 0.969189 0.554844 0.004199 0.152812
