6 0.336396 0.752852 0.007812 0.353672
6 0.381333 0.763750 0.007529 0.336562
6 0.398652 0.774219 0.008711 0.353906
6 0.404536 0.757109 0.006826 0.280625
6 0.574736 0.671484 0.010273 0.335469
6 0.580337 0.621680 0.008662 0.225703
6 0.413296 0.751289 0.006904 0.290859
6 0.420103 0.752461 0.009014 0.326328
6 0.430142 0.727344 0.009756 0.294375
6 0.442510 0.713789 0.009453 0.177266
6 0.452080 0.711328 0.007461 0.235156
6 0.457832 0.690859 0.006563 0.207187
6 0.469458 0.665273 0.005029 0.203203
6 0.013413 0.544961 0.005400 0.155391
6 0.785718 0.725391 0.027783 0.549219
