6 0.072817 0.625703 0.008311 0.227500
6 0.110654 0.696016 0.009512 0.369844
6 0.896909 0.710156 0.024736 0.577500
6 0.716831 0.705508 0.016201 0.583984
6 0.510845 0.601680 0.004971 0.139141
6 0.127295 0.746094 0.010371 0.371563
6 0.153647 0.783945 0.007764 0.361797
6 0.157656 0.789805 0.007539 0.392734
6 0.141118 0.749336 0.007939 0.364297
6 0.173848 0.781953 0.011211 0.385312
6 0.188052 0.808242 0.009971 0.333203
6 0.208589 0.833828 0.013252 0.315156
6 0.221426 0.805000 0.009941 0.390000
6 0.245278 0.805156 0.010752 0.389687
6 0.230796 0.785195 0.010283 0.405703
6 0.258945 0.812773 0.010352 0.374453
6 0.285166 0.793789 0.009551 0.410859
6 0.308096 0.806367 0.014277 0.387266
6 0.317168 0.840820 0.014434 0.318359
6 0.336040 0.821797 0.012393 0.283906
6 0.337158 0.814531 0.010566 0.354375
6 0.356216 0.818906 0.010615 0.304375
6 0.367925 0.807266 0.010811 0.302812
6 0.674819 0.682227 0.018467 0.630391
6 0.669990 0.691328 0.018184 0.617344
6 0.653960 0.679258 0.022549 0.641484
6 0.629443 0.760469 0.018457 0.476250
6 0.612959 0.728672 0.014160 0.537656
6 0.587275 0.739766 0.017734 0.520469
6 0.575889 0.734102 0.014473 0.347734
6 0.566489 0.725508 0.009658 0.304766
6 0.557603 0.742344 0.008096 0.391563
6 0.545586 0.671953 0.007168 0.327812
6 0.538232 0.665938 0.006836 0.317969
6 0.383774 0.742930 0.008389 0.331328
6 0.395078 0.774062 0.008691 0.305625
6 0.961484 0.572422 0.005508 0.195156
