6 0.974043 0.580977 0.005918 0.232734
6 0.520010 0.620937 0.006348 0.178281
6 0.096978 0.691680 0.008779 0.276016
6 0.120552 0.749023 0.008955 0.277422
6 0.108696 0.706875 0.010557 0.314375
6 0.135332 0.759688 0.011641 0.291094
6 0.145493 0.772031 0.007256 0.277812
6 0.955508 0.668750 0.011836 0.478906
6 0.907163 0.748437 0.020459 0.438438
6 0.940327 0.670937 0.012510 0.456094
6 0.892300 0.777266 0.020557 0.445469
6 0.923052 0.739297 0.018799 0.482031
6 0.866274 0.684766 0.017510 0.630469
6 0.830640 0.693594 0.018428 0.612812
6 0.863999 0.701289 0.024873 0.597422
6 0.804185 0.724063 0.022021 0.541875
6 0.761611 0.737344 0.019453 0.525313
6 0.704741 0.726992 0.020928 0.545234
6 0.663896 0.812578 0.021387 0.374844
6 0.630068 0.788047 0.017832 0.422656
6 0.610498 0.730508 0.014395 0.518672
6 0.593164 0.763984 0.011699 0.442031
6 0.576230 0.726406 0.011934 0.435469
6 0.572612 0.716172 0.006904 0.426406
6 0.561855 0.658477 0.009375 0.409609
6 0.553755 0.705977 0.008682 0.410391
6 0.547051 0.703672 0.010000 0.378281
6 0.228711 0.771406 0.010820 0.457187
6 0.158896 0.802070 0.010820 0.386484
6 0.170249 0.790742 0.011182 0.418516
6 0.180522 0.768242 0.007334 0.399453
6 0.203691 0.762266 0.009570 0.456406
6 0.148760 0.801953 0.010781 0.396094
6 0.201226 0.798086 0.012881 0.400391
