6 0.075474 0.627344 0.008311 0.225000
6 0.116265 0.704102 0.009951 0.380859
6 0.887090 0.708594 0.026504 0.582812
6 0.703105 0.710859 0.015371 0.568438
6 0.134023 0.755039 0.010371 0.387734
6 0.161167 0.784609 0.008154 0.360000
6 0.165420 0.791211 0.007539 0.392734
6 0.147417 0.758984 0.007939 0.379531
6 0.181836 0.794375 0.011387 0.400312
6 0.197642 0.812422 0.009971 0.333281
6 0.217598 0.842422 0.013379 0.315156
6 0.232876 0.804023 0.009932 0.391953
6 0.256045 0.802656 0.010762 0.394687
6 0.243345 0.788203 0.010283 0.405781
6 0.269385 0.811445 0.010352 0.377109
6 0.294204 0.786875 0.009541 0.399219
6 0.318198 0.810117 0.014033 0.379766
6 0.327007 0.838945 0.013955 0.322109
6 0.344365 0.815977 0.012598 0.283516
6 0.346855 0.815781 0.010566 0.360156
6 0.362222 0.811406 0.010205 0.296875
6 0.373628 0.801211 0.009658 0.298516
6 0.651689 0.686641 0.017910 0.626719
6 0.655898 0.693086 0.018184 0.613828
6 0.639297 0.690000 0.018965 0.620000
6 0.613696 0.762422 0.015869 0.475156
6 0.604536 0.731953 0.013193 0.528750
6 0.579971 0.740625 0.017734 0.518750
6 0.554390 0.730742 0.008096 0.380391
6 0.543564 0.665469 0.007070 0.314219
6 0.388198 0.736445 0.008389 0.314609
6 0.399424 0.770312 0.008691 0.298125
6 0.960449 0.574961 0.005508 0.203828
