6 0.977231 0.572070 0.005928 0.232734
6 0.521436 0.623867 0.006348 0.180078
6 0.108291 0.701836 0.007969 0.222891
6 0.119189 0.717422 0.010059 0.246406
6 0.961143 0.649609 0.010234 0.414844
6 0.926533 0.720156 0.015000 0.440156
6 0.950161 0.666719 0.009639 0.444687
6 0.920381 0.739336 0.017695 0.452578
6 0.942139 0.702422 0.016035 0.437656
6 0.899492 0.702578 0.016309 0.594844
6 0.873418 0.698164 0.015488 0.603672
6 0.901831 0.705781 0.018154 0.588437
6 0.854482 0.727383 0.019238 0.540234
6 0.822402 0.729883 0.021758 0.540234
6 0.765054 0.725742 0.021416 0.545234
6 0.717529 0.821094 0.021387 0.357812
6 0.665723 0.791133 0.019922 0.412734
6 0.636772 0.726367 0.016787 0.541484
6 0.616187 0.773516 0.016025 0.442031
6 0.591533 0.757539 0.012207 0.475547
6 0.587617 0.722891 0.009336 0.496406
6 0.571543 0.699258 0.010078 0.474766
6 0.562051 0.726289 0.010000 0.470391
6 0.554053 0.723047 0.010879 0.413438
6 0.199126 0.768789 0.010498 0.462422
6 0.138091 0.762305 0.010830 0.386484
6 0.145693 0.763164 0.011172 0.418516
6 0.159565 0.742188 0.009287 0.373594
6 0.181079 0.742031 0.009131 0.430312
6 0.127720 0.759727 0.013115 0.363359
6 0.174810 0.791289 0.012881 0.396641
