6 0.196260 0.709453 0.012363 0.465469
6 0.262637 0.777227 0.009492 0.422109
6 0.279175 0.761094 0.014072 0.477812
6 0.304189 0.778750 0.010020 0.399219
6 0.594126 0.751641 0.018643 0.496719
6 0.578159 0.657461 0.010732 0.264297
6 0.290322 0.769453 0.009551 0.461094
6 0.317368 0.767227 0.008271 0.359141
6 0.317578 0.785039 0.010371 0.429922
6 0.331401 0.775273 0.008994 0.386484
6 0.345791 0.772305 0.010840 0.420703
6 0.351963 0.772305 0.011387 0.389297
6 0.361392 0.772930 0.009971 0.289766
6 0.376670 0.771172 0.013066 0.283906
6 0.389287 0.732500 0.007422 0.357344
6 0.400405 0.726367 0.008701 0.329453
6 0.409780 0.686172 0.007002 0.248437
6 0.424165 0.693047 0.006943 0.235781
6 0.419263 0.686797 0.008486 0.196719
6 0.545640 0.681406 0.009150 0.364219
6 0.552627 0.668594 0.008535 0.326875
6 0.919458 0.713867 0.013057 0.417891
