6 0.302466 0.742148 0.009072 0.402578
6 0.354214 0.780273 0.007510 0.359766
6 0.375508 0.809102 0.009336 0.381797
6 0.382461 0.782500 0.007852 0.304063
6 0.571743 0.694023 0.011533 0.373516
6 0.577344 0.633672 0.009180 0.235313
6 0.392129 0.769102 0.007246 0.308672
6 0.399248 0.784844 0.010430 0.368125
6 0.411079 0.760352 0.010146 0.323984
6 0.426396 0.728086 0.010293 0.197734
6 0.437422 0.731719 0.007461 0.252188
6 0.443613 0.703086 0.006563 0.233828
6 0.457236 0.687109 0.005039 0.203281
6 0.452627 0.682578 0.007793 0.157813
6 0.839873 0.729102 0.024023 0.541797
