6 0.078120 0.627578 0.008311 0.237031
6 0.121875 0.712187 0.010391 0.392031
6 0.874126 0.706211 0.024014 0.587578
6 0.689385 0.716211 0.014551 0.552734
6 0.140752 0.764023 0.010371 0.403828
6 0.168682 0.785234 0.008535 0.358281
6 0.173184 0.792578 0.007539 0.392813
6 0.153716 0.768711 0.007939 0.394766
6 0.191353 0.796367 0.011396 0.397891
6 0.207236 0.816602 0.009980 0.333203
6 0.228418 0.838555 0.013379 0.313828
6 0.244326 0.803086 0.009941 0.393828
6 0.265996 0.802109 0.010586 0.395781
6 0.255894 0.791172 0.010283 0.405781
6 0.279814 0.810117 0.010352 0.379766
6 0.303242 0.779922 0.009531 0.387500
6 0.328301 0.813906 0.013770 0.372188
6 0.335454 0.840391 0.012295 0.306406
6 0.352695 0.810156 0.012813 0.283125
6 0.356548 0.817031 0.010557 0.365938
6 0.368228 0.803906 0.009795 0.289375
6 0.379336 0.795117 0.008516 0.294141
6 0.636216 0.699805 0.017275 0.600391
6 0.641816 0.694805 0.018184 0.610391
6 0.624624 0.700703 0.015381 0.598594
6 0.600835 0.760820 0.011807 0.478359
6 0.596108 0.735156 0.012236 0.519844
6 0.572676 0.741484 0.017734 0.517031
6 0.551172 0.719102 0.008105 0.369141
6 0.541538 0.658984 0.006982 0.300469
6 0.392622 0.729961 0.008389 0.297891
6 0.403770 0.766602 0.008691 0.290703
6 0.959414 0.577500 0.005508 0.212500
