6 0.062705 0.602812 0.007637 0.200313
6 0.085010 0.646953 0.007910 0.302969
6 0.941343 0.643906 0.012432 0.413750
6 0.817676 0.701289 0.016328 0.556797
6 0.513442 0.608789 0.005713 0.135547
6 0.093643 0.694961 0.008398 0.272578
6 0.110728 0.716641 0.007529 0.342969
6 0.104360 0.684570 0.007939 0.280234
6 0.125684 0.708047 0.008789 0.305781
6 0.135376 0.755352 0.007490 0.289922
6 0.148174 0.790898 0.010488 0.315078
6 0.174282 0.783320 0.012568 0.433359
6 0.159404 0.759727 0.012266 0.440859
6 0.189624 0.785234 0.010361 0.395000
6 0.211597 0.767930 0.009541 0.405391
6 0.227393 0.801680 0.013418 0.396641
6 0.245249 0.830977 0.011455 0.338047
6 0.270298 0.852891 0.010967 0.286406
6 0.261279 0.820312 0.010566 0.351094
6 0.296489 0.841211 0.010615 0.309297
6 0.312427 0.835195 0.010400 0.324609
6 0.331958 0.801797 0.005361 0.329688
6 0.864819 0.668633 0.021768 0.652422
6 0.845073 0.665039 0.018174 0.669922
6 0.818970 0.662070 0.022373 0.675859
6 0.794282 0.760820 0.023623 0.478359
6 0.733369 0.702852 0.026816 0.594297
6 0.703330 0.705000 0.034355 0.590000
6 0.627168 0.781055 0.020898 0.429609
6 0.661475 0.720039 0.023535 0.542734
6 0.606846 0.797305 0.015527 0.405391
6 0.597319 0.768984 0.017979 0.462031
6 0.567612 0.727578 0.011006 0.487500
6 0.586577 0.769844 0.018369 0.414531
6 0.555503 0.725078 0.010947 0.456094
6 0.337896 0.777109 0.008389 0.428281
6 0.389092 0.741445 0.010313 0.346484
6 0.349082 0.804141 0.009121 0.391719
6 0.359678 0.793828 0.011172 0.412344
6 0.362793 0.770352 0.010996 0.443359
6 0.378340 0.799492 0.010781 0.380078
6 0.967075 0.559531 0.004697 0.162187
