6 0.257222 0.727852 0.010752 0.467734
6 0.315693 0.776445 0.008027 0.402578
6 0.336548 0.781680 0.012490 0.436641
6 0.349497 0.783789 0.009111 0.359766
6 0.577329 0.735078 0.014697 0.450313
6 0.573364 0.649570 0.009873 0.248203
6 0.340732 0.783398 0.006875 0.419141
6 0.360737 0.774258 0.008271 0.328984
6 0.365811 0.791758 0.010176 0.416484
6 0.373086 0.769297 0.008652 0.336094
6 0.384365 0.767852 0.010273 0.373672
6 0.393823 0.752109 0.009385 0.261563
6 0.404297 0.747227 0.011523 0.236016
6 0.416748 0.722500 0.007441 0.298906
6 0.424658 0.719336 0.006562 0.269297
6 0.441968 0.699219 0.005576 0.212500
6 0.437065 0.680039 0.008486 0.163359
6 0.545420 0.669687 0.007852 0.289531
6 0.549966 0.669102 0.007139 0.254453
6 0.889600 0.743086 0.016504 0.506484
