6 0.063950 0.606367 0.007744 0.205234
6 0.087881 0.652930 0.007988 0.311328
6 0.936733 0.656797 0.014189 0.434844
6 0.805317 0.707070 0.016670 0.565547
6 0.513076 0.607813 0.005605 0.136094
6 0.097524 0.703437 0.008896 0.282187
6 0.119937 0.718086 0.005439 0.298203
6 0.115903 0.720781 0.007529 0.342969
6 0.108755 0.693047 0.007939 0.292031
6 0.131733 0.717227 0.009268 0.314453
6 0.142412 0.767031 0.007988 0.298594
6 0.155864 0.790898 0.011553 0.315078
6 0.183726 0.789023 0.012568 0.421953
6 0.168437 0.766328 0.011602 0.440781
6 0.198564 0.793906 0.010352 0.395000
6 0.221260 0.770938 0.009551 0.408125
6 0.239155 0.808008 0.014033 0.383984
6 0.256191 0.832969 0.010469 0.334063
6 0.280117 0.848984 0.011172 0.286094
6 0.272979 0.817930 0.010566 0.347578
6 0.306226 0.840000 0.010615 0.307656
6 0.321597 0.836445 0.009014 0.324609
6 0.340156 0.794687 0.005371 0.329687
6 0.842925 0.673750 0.021768 0.652500
6 0.823877 0.654297 0.018184 0.691406
6 0.798848 0.662070 0.024707 0.675859
6 0.767188 0.760820 0.023633 0.478359
6 0.711045 0.708867 0.024668 0.582266
6 0.675898 0.715195 0.030195 0.569609
6 0.617188 0.775000 0.020898 0.437500
6 0.646582 0.723242 0.022754 0.540547
6 0.597900 0.795156 0.015527 0.409687
6 0.588462 0.774961 0.015498 0.450078
6 0.563223 0.725000 0.010078 0.464062
6 0.579663 0.756484 0.014014 0.400156
6 0.551123 0.721680 0.010254 0.439453
6 0.346665 0.775937 0.008389 0.424687
6 0.394907 0.734141 0.010283 0.335625
6 0.358433 0.801914 0.008701 0.396172
6 0.368374 0.793242 0.011182 0.413516
6 0.388350 0.796250 0.010781 0.381250
6 0.966372 0.561094 0.004854 0.165313
