6 0.173794 0.722305 0.011982 0.449141
6 0.241528 0.775156 0.009580 0.425938
6 0.255640 0.761094 0.013643 0.477812
6 0.284399 0.780508 0.010029 0.395078
6 0.609761 0.738906 0.020303 0.522188
6 0.584087 0.638750 0.011084 0.270781
6 0.268901 0.773047 0.010088 0.453906
6 0.298823 0.772383 0.008271 0.371172
6 0.295576 0.786953 0.010371 0.426094
6 0.312915 0.790742 0.009678 0.376484
6 0.327578 0.780273 0.011406 0.427891
6 0.335400 0.775977 0.011387 0.389297
6 0.345835 0.788906 0.009971 0.296406
6 0.363931 0.785703 0.013369 0.296875
6 0.378145 0.738672 0.007422 0.380781
6 0.383716 0.745117 0.008701 0.332578
6 0.390645 0.727812 0.009766 0.355156
6 0.400674 0.697344 0.007012 0.259219
6 0.416108 0.714453 0.008076 0.262031
6 0.412271 0.698750 0.008174 0.208438
6 0.421948 0.698086 0.009482 0.232578
6 0.429761 0.683281 0.007822 0.216562
6 0.434756 0.666719 0.007246 0.182187
6 0.438491 0.665664 0.004678 0.167734
6 0.547725 0.685312 0.009668 0.394062
6 0.554517 0.657461 0.009229 0.359141
6 0.928271 0.695273 0.011523 0.366016
