6 0.973208 0.580977 0.005928 0.232734
6 0.519531 0.619961 0.006348 0.177734
6 0.100083 0.691680 0.009600 0.276016
6 0.125361 0.750352 0.009961 0.280078
6 0.113057 0.718125 0.010566 0.327813
6 0.140713 0.773711 0.012168 0.306016
6 0.152402 0.779062 0.007969 0.288438
6 0.952822 0.681562 0.012910 0.508750
6 0.898521 0.755273 0.020576 0.436641
6 0.935859 0.675156 0.013242 0.467344
6 0.882993 0.780859 0.023408 0.438281
6 0.916689 0.751602 0.019727 0.496797
6 0.855103 0.676914 0.018115 0.646172
6 0.814419 0.699609 0.018271 0.600781
6 0.834453 0.696953 0.027598 0.606094
6 0.781904 0.724883 0.022012 0.542734
6 0.741343 0.739805 0.018682 0.520391
6 0.685098 0.727383 0.019844 0.545234
6 0.649902 0.809727 0.021387 0.380547
6 0.618184 0.787031 0.017148 0.425937
6 0.603691 0.727461 0.013574 0.504609
6 0.586182 0.760234 0.010254 0.442031
6 0.572891 0.720000 0.010723 0.419375
6 0.567607 0.713945 0.006094 0.403047
6 0.559238 0.658906 0.009141 0.411094
6 0.550986 0.699219 0.008242 0.390469
6 0.544990 0.697656 0.009707 0.366563
6 0.167920 0.770625 0.012402 0.458750
6 0.238574 0.772305 0.010938 0.455391
6 0.168896 0.802539 0.010820 0.383516
6 0.179155 0.790312 0.011182 0.419375
6 0.188911 0.772383 0.007334 0.410859
6 0.211416 0.767461 0.009727 0.465078
6 0.162480 0.805234 0.010781 0.388906
6 0.210825 0.797656 0.012881 0.397813
