6 0.065190 0.609883 0.007861 0.210234
6 0.090747 0.658906 0.008057 0.319687
6 0.932124 0.669727 0.015947 0.456016
6 0.792954 0.712852 0.017021 0.574297
6 0.512700 0.606797 0.005498 0.136562
6 0.101411 0.711875 0.009385 0.291875
6 0.125552 0.729062 0.005830 0.308750
6 0.123232 0.728359 0.007539 0.342969
6 0.113696 0.702266 0.007939 0.302500
6 0.137783 0.726328 0.009746 0.323125
6 0.149458 0.778633 0.008486 0.307266
6 0.163555 0.790898 0.012617 0.315078
6 0.193169 0.794766 0.012549 0.410469
6 0.177466 0.772969 0.010947 0.440781
6 0.207510 0.802500 0.010352 0.395000
6 0.230918 0.773945 0.009551 0.410859
6 0.250918 0.814375 0.014648 0.371250
6 0.267495 0.835508 0.011670 0.319609
6 0.289937 0.845117 0.011377 0.285703
6 0.284683 0.815586 0.010557 0.343984
6 0.315952 0.838750 0.010615 0.306094
6 0.330757 0.837695 0.007627 0.324609
6 0.348354 0.787500 0.005361 0.329688
6 0.813931 0.674570 0.021221 0.648828
6 0.797939 0.652148 0.018184 0.695703
6 0.771841 0.662070 0.024697 0.675859
6 0.738120 0.761367 0.023623 0.477266
6 0.688726 0.714883 0.022529 0.570234
6 0.648472 0.725391 0.026045 0.549219
6 0.608301 0.776914 0.020605 0.439922
6 0.631689 0.726484 0.021973 0.538438
6 0.592666 0.783555 0.014551 0.392266
6 0.581396 0.775742 0.013027 0.441797
6 0.559829 0.715000 0.009404 0.436875
6 0.548975 0.712422 0.009687 0.419219
6 0.353730 0.770938 0.008379 0.409688
6 0.364893 0.797109 0.008691 0.379531
6 0.965664 0.562656 0.005020 0.168437
