6 0.313770 0.745703 0.008652 0.386250
6 0.363257 0.774766 0.007510 0.352031
6 0.383223 0.797500 0.009121 0.372500
6 0.389819 0.773984 0.007510 0.296250
6 0.572363 0.683789 0.010742 0.354297
6 0.578340 0.629648 0.009004 0.232109
6 0.399380 0.766055 0.006904 0.303828
6 0.406201 0.774062 0.009961 0.354219
6 0.417432 0.749375 0.010020 0.314063
6 0.431924 0.723320 0.009980 0.188203
6 0.442310 0.724922 0.007451 0.246562
6 0.448354 0.699023 0.006553 0.224922
6 0.461313 0.679805 0.005029 0.203203
6 0.456519 0.683203 0.007627 0.156406
6 0.823477 0.728555 0.025898 0.542891
