6 0.068921 0.620547 0.008193 0.225000
6 0.101206 0.679258 0.008643 0.347578
6 0.913657 0.702031 0.021221 0.540469
6 0.746655 0.711680 0.017021 0.576641
6 0.511587 0.603750 0.005186 0.138125
6 0.114873 0.732930 0.010371 0.333359
6 0.142412 0.761992 0.006992 0.340547
6 0.145234 0.751133 0.007539 0.343047
6 0.128521 0.729961 0.007939 0.333828
6 0.157866 0.757031 0.010869 0.355469
6 0.170571 0.813516 0.009971 0.333281
6 0.190581 0.816680 0.012998 0.315078
6 0.199961 0.804531 0.009941 0.390938
6 0.223882 0.805234 0.011357 0.389531
6 0.208647 0.782422 0.010283 0.423281
6 0.238262 0.811211 0.010352 0.377578
6 0.263467 0.785859 0.009551 0.410781
6 0.285386 0.813516 0.014775 0.372969
6 0.297480 0.844609 0.015391 0.310781
6 0.319385 0.833398 0.011992 0.284609
6 0.317773 0.812031 0.010566 0.342656
6 0.340952 0.828203 0.010615 0.304375
6 0.354717 0.819453 0.011895 0.311562
6 0.368477 0.788828 0.005371 0.353438
6 0.726948 0.676992 0.019561 0.637734
6 0.720713 0.662344 0.018184 0.675312
6 0.696533 0.667813 0.023984 0.664375
6 0.660942 0.756523 0.023623 0.478359
6 0.637852 0.722187 0.016094 0.555625
6 0.605889 0.738047 0.017734 0.523906
6 0.587651 0.756445 0.017393 0.395078
6 0.576958 0.748711 0.011611 0.339766
6 0.564038 0.765547 0.008076 0.414062
6 0.549639 0.684922 0.007363 0.355156
6 0.542529 0.684531 0.007969 0.358437
6 0.374927 0.755898 0.008389 0.364766
6 0.384268 0.782617 0.008691 0.329766
6 0.963550 0.567344 0.005498 0.177812
