6 0.969526 0.585430 0.007490 0.240703
6 0.518110 0.617031 0.006357 0.176094
6 0.104458 0.679492 0.007432 0.255078
6 0.114551 0.722148 0.010137 0.311484
6 0.132461 0.755547 0.007500 0.338281
6 0.142754 0.775391 0.010957 0.314219
6 0.129580 0.750742 0.010566 0.364141
6 0.160425 0.799531 0.012842 0.320937
6 0.173130 0.800078 0.010146 0.320625
6 0.960122 0.645312 0.010146 0.471875
6 0.957407 0.621445 0.012354 0.491484
6 0.930825 0.679297 0.012842 0.470312
6 0.940962 0.705586 0.022197 0.556797
6 0.872607 0.775781 0.020898 0.431250
6 0.918232 0.706484 0.015937 0.532813
6 0.903193 0.707148 0.016113 0.577109
6 0.843994 0.794414 0.026270 0.405391
6 0.888472 0.753281 0.022510 0.493437
6 0.776084 0.671953 0.030254 0.656094
6 0.804023 0.773242 0.021777 0.453516
6 0.754565 0.703633 0.017822 0.592734
6 0.745820 0.683906 0.035781 0.632188
6 0.715063 0.727383 0.022021 0.545234
6 0.681084 0.745391 0.016777 0.509219
6 0.640425 0.743047 0.016709 0.513906
6 0.615723 0.799688 0.021387 0.395625
6 0.594019 0.790000 0.015264 0.420000
6 0.583281 0.718242 0.011133 0.462266
6 0.574458 0.734922 0.008018 0.376406
6 0.562866 0.700781 0.007139 0.371094
6 0.558569 0.699063 0.005283 0.358437
6 0.552085 0.655664 0.008428 0.385703
6 0.542690 0.678906 0.006924 0.330469
6 0.539644 0.681328 0.008838 0.331406
6 0.194697 0.765937 0.012402 0.468125
6 0.272148 0.784375 0.011016 0.421875
6 0.198892 0.804023 0.010830 0.374453
6 0.208140 0.789102 0.011182 0.421797
6 0.214146 0.781875 0.007334 0.433906
6 0.239727 0.769180 0.009727 0.456953
6 0.203623 0.815039 0.010781 0.367109
6 0.245752 0.795039 0.014160 0.409922
6 0.972588 0.552461 0.003848 0.118516
