6 0.100386 0.672266 0.012764 0.314844
6 0.161289 0.757734 0.013008 0.458750
6 0.196812 0.766563 0.007939 0.395000
6 0.757065 0.703594 0.026494 0.592812
6 0.631025 0.677266 0.011250 0.447031
6 0.180747 0.770117 0.011689 0.441172
6 0.199272 0.770078 0.008271 0.389219
6 0.206250 0.801562 0.010371 0.396875
6 0.223662 0.816250 0.013086 0.356406
6 0.233931 0.799492 0.011689 0.401016
6 0.248438 0.808164 0.011387 0.383672
6 0.265942 0.831172 0.009971 0.326563
6 0.290854 0.828437 0.013369 0.315781
6 0.309624 0.791875 0.009932 0.416250
6 0.320356 0.798789 0.009561 0.402422
6 0.324556 0.791836 0.010283 0.416328
6 0.337129 0.795234 0.010352 0.387031
6 0.352974 0.743672 0.008506 0.321094
6 0.375830 0.761563 0.012246 0.349844
6 0.377510 0.767070 0.010254 0.253828
6 0.387773 0.768828 0.012793 0.265000
6 0.394741 0.735156 0.010557 0.292187
6 0.400220 0.739102 0.007803 0.226641
6 0.405898 0.733516 0.006953 0.231719
6 0.576367 0.714258 0.012891 0.517891
6 0.585024 0.710234 0.012412 0.523906
6 0.564834 0.754727 0.009395 0.406172
6 0.547896 0.721914 0.012881 0.425703
6 0.951543 0.609727 0.006680 0.244609
