6 0.125454 0.665312 0.011006 0.377187
6 0.192021 0.763164 0.008340 0.415859
6 0.200708 0.763359 0.013428 0.473281
6 0.235078 0.779844 0.009609 0.395000
6 0.670332 0.724609 0.024023 0.550781
6 0.603999 0.703945 0.011260 0.360547
6 0.217144 0.778008 0.011689 0.443984
6 0.242261 0.781094 0.008271 0.389219
6 0.245015 0.786953 0.010381 0.424219
6 0.265322 0.820391 0.011543 0.356406
6 0.277524 0.792578 0.011689 0.414844
6 0.287783 0.793008 0.011387 0.386484
6 0.305278 0.815625 0.009971 0.313125
6 0.327861 0.834453 0.013379 0.313906
6 0.343613 0.780469 0.008672 0.439063
6 0.354829 0.796602 0.008877 0.406797
6 0.356206 0.782695 0.009854 0.434609
6 0.364043 0.754414 0.010352 0.351797
6 0.377900 0.725234 0.007012 0.286094
6 0.395952 0.768047 0.010908 0.327813
6 0.394219 0.755977 0.007695 0.233672
6 0.404961 0.759297 0.011953 0.242344
6 0.412075 0.717695 0.010361 0.249766
6 0.418892 0.727266 0.007432 0.201562
6 0.423594 0.732773 0.005937 0.186016
6 0.559463 0.739023 0.010957 0.468672
6 0.566357 0.710234 0.011680 0.442031
6 0.539126 0.746992 0.009658 0.364922
6 0.943320 0.593398 0.007305 0.294609
