6 0.962417 0.605039 0.009639 0.276484
6 0.516587 0.627969 0.006357 0.173281
6 0.091152 0.659219 0.008789 0.250313
6 0.096074 0.694922 0.007070 0.221406
6 0.119937 0.701094 0.008389 0.307031
6 0.104976 0.695312 0.009072 0.330625
6 0.123657 0.712070 0.009932 0.305234
6 0.137104 0.716016 0.007432 0.341406
6 0.141763 0.769688 0.011182 0.373906
6 0.160166 0.808203 0.008496 0.338281
6 0.176880 0.834961 0.010967 0.330078
6 0.165708 0.791875 0.010557 0.398438
6 0.202954 0.840586 0.010615 0.318828
6 0.220205 0.826797 0.011582 0.331562
6 0.945312 0.642656 0.010156 0.549063
6 0.933325 0.693711 0.009912 0.609922
6 0.928608 0.688555 0.012354 0.611484
6 0.932017 0.735781 0.016631 0.517031
6 0.891108 0.720039 0.022490 0.559922
6 0.904731 0.710703 0.026885 0.572812
6 0.786084 0.783281 0.020898 0.431250
6 0.864272 0.716250 0.020479 0.561719
6 0.839331 0.706094 0.023115 0.583594
6 0.745742 0.805898 0.029316 0.388203
6 0.783682 0.755078 0.025332 0.489844
6 0.649229 0.693047 0.022695 0.613906
6 0.697573 0.785430 0.021553 0.429141
6 0.661270 0.707500 0.014727 0.572656
6 0.625000 0.711641 0.027344 0.576719
6 0.595767 0.741836 0.014072 0.479766
6 0.583511 0.765117 0.017939 0.365078
6 0.573203 0.739688 0.012656 0.324687
6 0.564692 0.684922 0.006514 0.355156
6 0.557793 0.695078 0.006523 0.301719
6 0.552217 0.665273 0.005605 0.306641
6 0.548481 0.667500 0.005283 0.305156
6 0.543110 0.648867 0.007236 0.313984
6 0.535273 0.649180 0.006191 0.271953
6 0.531440 0.655508 0.007373 0.272891
6 0.246797 0.784258 0.012402 0.431484
6 0.324170 0.780195 0.010645 0.432891
6 0.253857 0.818320 0.010820 0.359453
6 0.265894 0.782656 0.011182 0.412344
6 0.260493 0.795039 0.007334 0.405078
6 0.286895 0.772070 0.009727 0.443359
6 0.271465 0.820078 0.010781 0.359844
6 0.298184 0.792461 0.009277 0.409922
6 0.971235 0.542734 0.003955 0.128594
