6 0.208452 0.717070 0.012041 0.473672
6 0.273325 0.777617 0.009404 0.418203
6 0.290947 0.761094 0.014277 0.477812
6 0.314038 0.777695 0.010029 0.403516
6 0.589453 0.752969 0.017852 0.494062
6 0.576709 0.656484 0.010566 0.261094
6 0.300986 0.767031 0.009551 0.465938
6 0.326636 0.764609 0.008271 0.353125
6 0.327490 0.784102 0.010371 0.431797
6 0.340649 0.767539 0.008662 0.391484
6 0.354897 0.768320 0.010557 0.417109
6 0.368843 0.762266 0.009971 0.286406
6 0.382197 0.766367 0.012754 0.274297
6 0.394863 0.729414 0.007422 0.345703
6 0.405283 0.725586 0.008164 0.316641
6 0.427729 0.694258 0.006670 0.231172
6 0.422822 0.685430 0.008477 0.190078
6 0.545596 0.679062 0.008887 0.349219
6 0.551851 0.669570 0.008193 0.310703
6 0.914893 0.731328 0.014395 0.456094
