6 0.268530 0.731406 0.010342 0.451406
6 0.325518 0.779570 0.007852 0.390859
6 0.346284 0.788516 0.011709 0.422969
6 0.358027 0.786133 0.008809 0.343828
6 0.575933 0.724805 0.013896 0.431172
6 0.574360 0.645625 0.009697 0.245000
6 0.350664 0.787500 0.006211 0.407500
6 0.369009 0.778359 0.008271 0.322969
6 0.374639 0.793047 0.010430 0.405000
6 0.381196 0.769727 0.008662 0.322266
6 0.391152 0.769023 0.010273 0.360391
6 0.400068 0.749531 0.009238 0.255313
6 0.409824 0.742461 0.011211 0.226484
6 0.421914 0.724805 0.007441 0.287266
6 0.429399 0.715273 0.006553 0.260391
6 0.445532 0.700430 0.005303 0.207891
6 0.440962 0.680664 0.008311 0.161953
6 0.545371 0.667305 0.007598 0.274609
6 0.550396 0.665625 0.007139 0.246719
6 0.880054 0.736680 0.018389 0.523047
