6 0.083423 0.628086 0.008311 0.261016
6 0.133096 0.728320 0.011250 0.414297
6 0.843247 0.704063 0.022529 0.591875
6 0.665967 0.710781 0.012910 0.521562
6 0.149932 0.742266 0.009355 0.414687
6 0.154214 0.781992 0.010381 0.436016
6 0.185605 0.793477 0.009961 0.356484
6 0.192285 0.799961 0.010313 0.392734
6 0.170278 0.787070 0.007939 0.394766
6 0.210381 0.800273 0.011387 0.393203
6 0.226421 0.825000 0.009971 0.333281
6 0.249644 0.830703 0.013369 0.311250
6 0.267222 0.801172 0.009932 0.397656
6 0.285884 0.801016 0.010244 0.397969
6 0.280991 0.797148 0.010283 0.405703
6 0.300684 0.807461 0.010352 0.385078
6 0.321318 0.766094 0.009512 0.364219
6 0.345894 0.806445 0.013252 0.361641
6 0.350337 0.829375 0.012979 0.294687
6 0.366709 0.803633 0.013223 0.282422
6 0.372178 0.769062 0.010566 0.336875
6 0.380239 0.788945 0.008975 0.274297
6 0.388779 0.780039 0.007988 0.274297
6 0.605273 0.726133 0.016016 0.547734
6 0.616401 0.708438 0.017021 0.583125
6 0.584468 0.770273 0.010732 0.454297
6 0.563550 0.742578 0.016123 0.486563
6 0.400542 0.715703 0.008389 0.276875
6 0.957012 0.585977 0.005742 0.225859
