6 0.089746 0.659844 0.011719 0.287812
6 0.147192 0.743008 0.012119 0.436484
6 0.181074 0.773203 0.007949 0.395000
6 0.802583 0.704063 0.024521 0.591875
6 0.646577 0.689219 0.011260 0.490312
6 0.163853 0.751562 0.011689 0.441250
6 0.182393 0.798086 0.010371 0.403828
6 0.204419 0.808672 0.012041 0.356406
6 0.212534 0.802227 0.011689 0.395547
6 0.229414 0.804219 0.011387 0.388437
6 0.245605 0.833359 0.009980 0.333281
6 0.270449 0.822891 0.013379 0.308750
6 0.288423 0.796523 0.009932 0.406953
6 0.303125 0.799883 0.009902 0.400234
6 0.304839 0.794492 0.010283 0.411016
6 0.318906 0.801328 0.010352 0.386094
6 0.339390 0.752227 0.009502 0.340859
6 0.360859 0.783984 0.012754 0.355781
6 0.363843 0.793438 0.009951 0.264219
6 0.377944 0.787109 0.013213 0.276406
6 0.383457 0.752109 0.010566 0.314531
6 0.390903 0.767344 0.008311 0.253437
6 0.398218 0.764961 0.007471 0.254453
6 0.589941 0.720703 0.014004 0.540781
6 0.599370 0.711133 0.014717 0.553516
6 0.572832 0.762500 0.011289 0.430156
6 0.554429 0.743711 0.014502 0.456172
6 0.408462 0.701445 0.008389 0.255859
6 0.954277 0.597852 0.006211 0.235234
