6 0.220645 0.719766 0.011719 0.472187
6 0.284009 0.777969 0.009326 0.414375
6 0.302715 0.761094 0.014492 0.477812
6 0.323892 0.776602 0.010029 0.407734
6 0.584785 0.754297 0.017070 0.491406
6 0.575264 0.655508 0.010391 0.257891
6 0.310923 0.771172 0.008877 0.454219
6 0.335913 0.762031 0.008271 0.347031
6 0.337393 0.783125 0.010371 0.433750
6 0.348760 0.767969 0.008652 0.377656
6 0.364004 0.764297 0.010273 0.413594
6 0.375088 0.759727 0.009824 0.280234
6 0.387720 0.761602 0.012451 0.264766
6 0.400435 0.726367 0.007432 0.333984
6 0.410161 0.724883 0.007627 0.303828
6 0.431284 0.695508 0.006396 0.226484
6 0.426382 0.684102 0.008486 0.183359
6 0.545557 0.676719 0.008633 0.334375
6 0.551079 0.670586 0.007842 0.294609
6 0.908564 0.739805 0.014922 0.479766
