6 0.367549 0.732539 0.007812 0.309922
6 0.405962 0.740977 0.007119 0.302422
6 0.421807 0.739258 0.008086 0.326016
6 0.426616 0.731680 0.005791 0.257266
6 0.578291 0.653086 0.009570 0.307109
6 0.583320 0.609766 0.008145 0.216094
6 0.434175 0.729180 0.006904 0.271484
6 0.440273 0.724648 0.007930 0.292891
6 0.448027 0.709102 0.009219 0.270078
6 0.457700 0.699570 0.008760 0.173359
6 0.466743 0.690859 0.007451 0.218125
6 0.472236 0.674687 0.006563 0.200625
6 0.027798 0.558320 0.005791 0.170859
6 0.717490 0.740039 0.029316 0.519922
