6 0.069053 0.632305 0.006348 0.219766
6 0.957295 0.624062 0.011191 0.287812
6 0.885088 0.662266 0.010918 0.443281
6 0.515674 0.634492 0.006348 0.171641
6 0.073877 0.644297 0.007461 0.214531
6 0.087261 0.673984 0.007529 0.288125
6 0.081792 0.650703 0.007939 0.232969
6 0.100342 0.676133 0.008789 0.260234
6 0.107456 0.697930 0.005986 0.221328
6 0.135015 0.737852 0.008389 0.351953
6 0.117534 0.730000 0.009854 0.368125
6 0.141924 0.736484 0.010352 0.349062
6 0.158452 0.736055 0.009541 0.374766
6 0.165562 0.790352 0.012197 0.419297
6 0.185527 0.823867 0.009473 0.338203
6 0.207422 0.842773 0.010957 0.314453
6 0.194111 0.803867 0.010566 0.387422
6 0.233042 0.843711 0.010615 0.312578
6 0.250981 0.834727 0.011904 0.324609
6 0.929854 0.681484 0.015293 0.616406
6 0.913887 0.680742 0.013340 0.632578
6 0.905625 0.681406 0.015039 0.637188
6 0.903408 0.740938 0.019199 0.518125
6 0.850864 0.709297 0.022490 0.581406
6 0.867417 0.703867 0.031963 0.592266
6 0.725400 0.798867 0.020898 0.402266
6 0.810127 0.717891 0.025703 0.564219
6 0.783350 0.702148 0.025254 0.589922
6 0.680537 0.808477 0.017676 0.383047
6 0.694746 0.766016 0.024512 0.467969
6 0.604971 0.714570 0.017402 0.570859
6 0.645493 0.790625 0.020869 0.418750
6 0.625396 0.725117 0.014307 0.549766
6 0.590894 0.728633 0.018350 0.542734
6 0.577979 0.715625 0.011172 0.422344
6 0.570127 0.729453 0.012773 0.298125
6 0.563325 0.712734 0.011299 0.284062
6 0.556045 0.670469 0.006523 0.309219
6 0.552051 0.672187 0.006523 0.270781
6 0.546733 0.643398 0.005361 0.270391
6 0.542422 0.648555 0.005273 0.273203
6 0.538076 0.641094 0.006523 0.278281
6 0.531787 0.631953 0.005977 0.243125
6 0.526519 0.640039 0.006494 0.237734
6 0.278467 0.781797 0.012402 0.436406
6 0.348735 0.775156 0.010537 0.412031
6 0.288389 0.815625 0.010820 0.368750
6 0.300054 0.788281 0.011182 0.408594
6 0.290293 0.792656 0.007344 0.405156
6 0.312988 0.773789 0.009727 0.443359
6 0.312441 0.813164 0.010781 0.373672
6 0.327876 0.794180 0.006982 0.411641
6 0.970024 0.549687 0.004053 0.142500
