6 0.968174 0.588711 0.007891 0.248672
6 0.517803 0.619180 0.006348 0.175547
6 0.101880 0.664258 0.008389 0.262109
6 0.089561 0.662266 0.008555 0.305625
6 0.108120 0.679492 0.008682 0.255078
6 0.119365 0.732344 0.010313 0.323281
6 0.133457 0.775391 0.007500 0.338281
6 0.149048 0.787227 0.010967 0.330078
6 0.135659 0.761484 0.010557 0.375625
6 0.167588 0.805391 0.012910 0.320937
6 0.181665 0.807109 0.010869 0.331406
6 0.957871 0.645312 0.010156 0.471875
6 0.950972 0.657852 0.012354 0.551484
6 0.920625 0.683594 0.012852 0.470312
6 0.937012 0.713594 0.025293 0.572812
6 0.858115 0.777969 0.020898 0.431250
6 0.912070 0.720039 0.016094 0.559922
6 0.893799 0.711445 0.016113 0.577109
6 0.829150 0.799453 0.026270 0.392500
6 0.872979 0.750078 0.023438 0.499844
6 0.746948 0.678164 0.029736 0.643672
6 0.782134 0.775703 0.021787 0.448594
6 0.734619 0.704961 0.017676 0.590078
6 0.716377 0.688477 0.035879 0.623047
6 0.694580 0.735469 0.019238 0.529062
6 0.665547 0.742305 0.016152 0.515391
6 0.629155 0.748281 0.015654 0.503437
6 0.607959 0.796055 0.021387 0.400391
6 0.588550 0.778281 0.014639 0.392656
6 0.579355 0.711094 0.009980 0.439375
6 0.570552 0.726484 0.007275 0.354531
6 0.559526 0.694375 0.005947 0.355000
6 0.556553 0.692773 0.005273 0.347734
6 0.549814 0.653828 0.008184 0.372188
6 0.539922 0.672109 0.006484 0.310469
6 0.538003 0.676172 0.008545 0.319688
6 0.203633 0.764414 0.012402 0.471172
6 0.283872 0.768789 0.010791 0.428828
6 0.208892 0.804492 0.010830 0.371484
6 0.219316 0.788672 0.011172 0.422656
6 0.222607 0.783086 0.007344 0.433828
6 0.249160 0.769766 0.009727 0.454219
6 0.217339 0.818320 0.010791 0.359922
6 0.254180 0.793633 0.011836 0.409922
6 0.972588 0.552461 0.003848 0.118516
