0 0.484072 0.667227 0.013066 0.162266
0 0.751284 0.518633 0.013682 0.139609
0 0.506255 0.684844 0.013057 0.146250
0 0.008135 0.661133 0.016270 0.266172
0 0.022969 0.593320 0.011680 0.126797
0 0.207378 0.663242 0.012705 0.137734
0 0.245303 0.758281 0.017988 0.216250
0 0.248452 0.631367 0.009834 0.132422
0 0.252817 0.531328 0.012295 0.068906
0 0.047485 0.747148 0.028271 0.290078
0 0.451362 0.848203 0.041006 0.303594
0 0.267222 0.699648 0.021377 0.265234
0 0.704980 0.610586 0.015625 0.128984
0 0.768262 0.640664 0.021406 0.208984
