0 0.951279 0.600000 0.018867 0.180469
0 0.649092 0.848086 0.072129 0.303828
0 0.568530 0.763711 0.055498 0.472578
0 0.521611 0.607539 0.012598 0.129766
0 0.532192 0.575586 0.008721 0.094141
0 0.018608 0.551172 0.009521 0.094531
0 0.037031 0.660820 0.020801 0.188203
0 0.219121 0.947695 0.070449 0.104609
0 0.012695 0.813594 0.025391 0.372812
0 0.991602 0.799219 0.016797 0.401563
0 0.004976 0.480859 0.003135 0.027344
0 0.504810 0.833867 0.039795 0.332266
0 0.505825 0.631445 0.018643 0.104766
0 0.008325 0.492422 0.002842 0.030781
0 0.514814 0.542109 0.005938 0.079687
0 0.011807 0.514141 0.005840 0.056406
