0 0.993960 0.514492 0.008037 0.101328
6 0.960620 0.507188 0.002588 0.104688
6 0.963740 0.505312 0.002578 0.102031
0 0.517725 0.592773 0.016113 0.103516
7 0.444336 0.566328 0.004551 0.058750
7 0.420054 0.590898 0.006045 0.092891
6 0.535220 0.589336 0.003525 0.081641
6 0.229121 0.766680 0.012109 0.408984
6 0.676172 0.829336 0.011426 0.330391
6 0.624648 0.764375 0.010176 0.394219
6 0.660083 0.794922 0.011729 0.380625
6 0.692002 0.788867 0.009902 0.422266
0 0.381597 0.566094 0.014814 0.077188
6 0.351367 0.624062 0.005371 0.191719
7 0.445259 0.622695 0.008857 0.110078
6 0.330259 0.545469 0.004131 0.097969
0 0.023691 0.638906 0.024746 0.235625
0 0.678906 0.941758 0.093750 0.110078
0 0.513486 0.815625 0.043145 0.368750
6 0.535542 0.587227 0.002939 0.103828
