6 0.961577 0.506328 0.002588 0.100625
0 0.533491 0.598008 0.017725 0.119141
7 0.466387 0.574570 0.004551 0.058828
7 0.468135 0.595898 0.006055 0.096484
6 0.197598 0.750078 0.012188 0.399062
6 0.640415 0.831289 0.010518 0.333984
6 0.607554 0.753945 0.009404 0.364297
6 0.636060 0.774297 0.010420 0.363438
6 0.654697 0.779805 0.009902 0.440391
0 0.385654 0.575000 0.014805 0.077188
0 0.007144 0.552461 0.011182 0.156953
6 0.337383 0.614297 0.005371 0.191719
7 0.438433 0.612656 0.008857 0.110156
6 0.341001 0.547656 0.004131 0.097969
0 0.080293 0.804883 0.072188 0.356484
0 0.929600 0.823125 0.062988 0.305781
0 0.513486 0.815625 0.043145 0.368750
6 0.534126 0.589180 0.002939 0.103828
