0 0.963921 0.569727 0.012529 0.133203
0 0.816978 0.849023 0.083369 0.301953
0 0.642363 0.766797 0.129355 0.466406
0 0.525610 0.639023 0.015498 0.157578
0 0.539077 0.603164 0.009678 0.132734
0 0.022432 0.569727 0.010996 0.104297
0 0.050889 0.726328 0.029824 0.245469
0 0.373594 0.917188 0.072344 0.165625
0 0.012695 0.813594 0.025391 0.372812
0 0.991602 0.799219 0.016797 0.401563
0 0.005708 0.484102 0.003369 0.029609
0 0.504810 0.833867 0.039795 0.332266
0 0.505825 0.631445 0.018643 0.104766
0 0.009644 0.499414 0.003857 0.040234
0 0.515098 0.549961 0.005938 0.079766
0 0.013760 0.524219 0.006582 0.061563
