0 0.985000 0.481523 0.005762 0.053047
0 0.992305 0.506055 0.006738 0.075391
6 0.958706 0.508789 0.002588 0.112891
6 0.961602 0.509609 0.002578 0.111875
0 0.508008 0.583086 0.006250 0.073047
7 0.403975 0.552539 0.004082 0.058828
7 0.323062 0.534492 0.007490 0.112734
6 0.529902 0.588320 0.003535 0.081641
6 0.294082 0.779258 0.010937 0.402422
6 0.770386 0.834297 0.012979 0.324219
6 0.672285 0.769102 0.011426 0.438672
6 0.729897 0.808008 0.012334 0.383984
6 0.778174 0.781523 0.009902 0.432422
0 0.380996 0.570039 0.014805 0.077109
6 0.379346 0.643672 0.005371 0.191719
7 0.446211 0.614570 0.008848 0.110078
6 0.317627 0.533516 0.004141 0.097969
0 0.549185 0.774727 0.030791 0.258828
0 0.513486 0.815625 0.043145 0.368750
6 0.536743 0.585586 0.002939 0.103828
