0 0.983384 0.474336 0.005459 0.047578
0 0.988823 0.496055 0.006826 0.062266
6 0.958110 0.509297 0.002588 0.115312
6 0.960947 0.510898 0.002578 0.114922
0 0.505322 0.580508 0.005391 0.062734
7 0.392900 0.549219 0.004551 0.058750
7 0.296870 0.529922 0.007490 0.112656
6 0.529468 0.588555 0.003525 0.081641
6 0.313652 0.775078 0.010937 0.394063
6 0.802085 0.827187 0.012979 0.324219
6 0.693018 0.782539 0.011426 0.432422
6 0.754800 0.808906 0.012334 0.382188
6 0.806270 0.775781 0.009902 0.442031
0 0.380811 0.571250 0.014805 0.077187
6 0.387959 0.649727 0.005371 0.191641
7 0.446211 0.614570 0.008848 0.110078
6 0.314731 0.536953 0.004131 0.097969
0 0.541455 0.737383 0.023809 0.231641
0 0.513486 0.815625 0.043145 0.368750
6 0.536743 0.585586 0.002939 0.103828
