0 0.989883 0.500117 0.006934 0.077578
6 0.959883 0.507812 0.002598 0.107813
6 0.962920 0.506953 0.002578 0.105781
0 0.513384 0.588203 0.007998 0.093594
7 0.427559 0.560156 0.004434 0.058750
7 0.382163 0.568555 0.005811 0.100859
6 0.532202 0.587383 0.003525 0.081641
6 0.254380 0.776836 0.011416 0.410547
6 0.711328 0.832930 0.012129 0.327578
6 0.641167 0.762617 0.010771 0.417266
6 0.683447 0.806133 0.012324 0.387734
6 0.721982 0.793008 0.009902 0.413516
0 0.381362 0.567578 0.014814 0.077188
6 0.362129 0.631641 0.005371 0.191719
7 0.446592 0.619180 0.008848 0.110078
6 0.324351 0.541016 0.004131 0.097969
0 0.007925 0.571523 0.012178 0.158516
0 0.577803 0.852188 0.059785 0.259375
0 0.513486 0.815625 0.043145 0.368750
6 0.536631 0.585742 0.002949 0.103828
