0 0.483877 0.611328 0.009902 0.083438
2 0.019077 0.468125 0.007861 0.115156
2 0.032002 0.502031 0.017109 0.189844
0 0.021416 0.577539 0.010977 0.101172
0 0.013340 0.534258 0.007910 0.055859
0 0.006963 0.683984 0.013926 0.198750
0 0.995928 0.665391 0.008145 0.239688
0 0.073120 0.833867 0.050439 0.327578
0 0.917085 0.787461 0.077705 0.422422
0 0.504810 0.833867 0.039795 0.332266
0 0.505825 0.631445 0.018643 0.104766
0 0.413232 0.859063 0.064746 0.281875
7 0.595425 0.472695 0.002510 0.084297
7 0.577290 0.578047 0.005088 0.130000
0 0.980728 0.577617 0.015596 0.175547
0 0.517495 0.575781 0.007783 0.092969
0 0.534224 0.651836 0.019580 0.284922
0 0.469116 0.699453 0.021045 0.202656
