6 0.114790 0.665469 0.008916 0.292813
6 0.555171 0.774062 0.010088 0.340000
6 0.546050 0.715039 0.007080 0.240859
6 0.565825 0.712695 0.006494 0.264453
6 0.571108 0.710312 0.006553 0.297500
0 0.453076 0.620625 0.023027 0.146406
0 0.463965 0.728984 0.023672 0.288594
6 0.288350 0.568633 0.005371 0.184141
7 0.282476 0.541055 0.008857 0.110078
0 0.381055 0.578125 0.015937 0.146406
6 0.418247 0.571680 0.004131 0.121484
0 0.977803 0.508633 0.005508 0.048359
0 0.513486 0.815625 0.043145 0.368750
6 0.523345 0.565195 0.002939 0.067578
