0 0.984048 0.547070 0.012471 0.130078
0 0.978770 0.505625 0.008789 0.074219
0 0.463867 0.718320 0.022363 0.198203
0 0.486021 0.610508 0.008037 0.073359
2 0.013442 0.456094 0.006533 0.089531
2 0.021284 0.473867 0.010127 0.129453
0 0.013306 0.520430 0.006182 0.062422
0 0.007769 0.496797 0.005459 0.034062
0 0.009497 0.771641 0.018994 0.336406
0 0.993765 0.732305 0.012471 0.320547
0 0.025449 0.605508 0.015117 0.115391
0 0.551484 0.763672 0.036621 0.357031
0 0.504810 0.833867 0.039795 0.332266
0 0.505825 0.631445 0.018643 0.104766
0 0.056885 0.760938 0.036816 0.300000
7 0.588105 0.498242 0.003242 0.084766
0 0.955176 0.717812 0.042754 0.445000
0 0.514600 0.536758 0.004531 0.049453
0 0.519365 0.578516 0.009238 0.126563
0 0.286138 0.951562 0.066553 0.096875
