6 0.962310 0.505703 0.002588 0.097500
0 0.546260 0.606211 0.009785 0.091172
7 0.483774 0.578359 0.004541 0.058750
7 0.500488 0.593867 0.005742 0.085547
6 0.176724 0.728555 0.010146 0.371797
6 0.617930 0.827734 0.010098 0.339375
6 0.595898 0.741602 0.008809 0.341328
6 0.620518 0.760703 0.009414 0.350156
6 0.632471 0.777891 0.009180 0.424844
0 0.389014 0.582578 0.014805 0.077188
0 0.022471 0.640156 0.022461 0.215781
6 0.326953 0.603906 0.005371 0.189375
7 0.426948 0.616211 0.008857 0.110078
0 0.517153 0.611328 0.017119 0.141406
6 0.351694 0.551797 0.004131 0.097969
0 0.320703 0.900937 0.099746 0.198125
0 0.964521 0.711133 0.030957 0.300391
0 0.513486 0.815625 0.043145 0.368750
6 0.533037 0.590664 0.002949 0.103828
