0 0.992329 0.508750 0.007588 0.091875
6 0.960327 0.507422 0.002588 0.105938
6 0.963408 0.505977 0.002578 0.103516
0 0.515942 0.590859 0.012549 0.099688
7 0.437559 0.563789 0.004551 0.058828
7 0.404897 0.581953 0.005947 0.096094
6 0.534014 0.588555 0.003535 0.081641
6 0.239224 0.770742 0.011826 0.409609
6 0.689722 0.830391 0.011709 0.329219
6 0.631255 0.763672 0.010420 0.403437
6 0.668477 0.802109 0.012129 0.385938
6 0.703477 0.791680 0.009902 0.416641
0 0.381504 0.566680 0.014805 0.077109
6 0.355674 0.627109 0.005371 0.191719
7 0.446973 0.623828 0.008848 0.110156
6 0.328071 0.544844 0.004131 0.097969
0 0.016421 0.607109 0.019600 0.205000
0 0.613784 0.885703 0.086885 0.196406
0 0.513486 0.815625 0.043145 0.368750
6 0.535977 0.586641 0.002949 0.103750
