6 0.121704 0.668906 0.008916 0.292813
6 0.564243 0.763711 0.010088 0.340078
6 0.552964 0.718477 0.007080 0.240859
6 0.573169 0.698867 0.006494 0.264453
6 0.578452 0.720664 0.006553 0.297578
0 0.439019 0.610273 0.017451 0.118672
0 0.451880 0.798047 0.034912 0.357656
6 0.293530 0.575547 0.005381 0.184219
7 0.306660 0.572148 0.008848 0.110078
0 0.397471 0.578125 0.015937 0.146406
6 0.405654 0.566367 0.004141 0.120234
0 0.467529 0.633516 0.017891 0.140781
0 0.978184 0.521172 0.007148 0.073906
0 0.513486 0.815625 0.043145 0.368750
6 0.525278 0.572266 0.002939 0.076719
