2 0.023228 0.482578 0.009150 0.133281
2 0.048784 0.513242 0.033604 0.246328
0 0.039453 0.666602 0.021035 0.173359
0 0.019443 0.573164 0.009863 0.075703
0 0.005498 0.649883 0.010996 0.152266
0 0.997183 0.626641 0.005635 0.192812
0 0.326104 0.946523 0.062949 0.106953
0 0.966660 0.681523 0.025469 0.306484
0 0.504810 0.833867 0.039795 0.332266
0 0.505825 0.631445 0.018643 0.104766
0 0.465122 0.726680 0.023057 0.201797
7 0.595225 0.473437 0.004102 0.069531
7 0.583550 0.508711 0.004697 0.095547
7 0.603018 0.594297 0.006816 0.180938
0 0.985146 0.556836 0.011289 0.124766
0 0.522183 0.610078 0.009971 0.132031
0 0.572041 0.753867 0.060547 0.466953
0 0.479458 0.631875 0.012275 0.112187
