0 0.484346 0.608594 0.009531 0.079531
2 0.019453 0.469414 0.007969 0.116797
2 0.032568 0.503516 0.017480 0.192969
0 0.022422 0.582305 0.011797 0.103672
0 0.013896 0.537773 0.008086 0.057734
0 0.006831 0.680898 0.013662 0.194453
0 0.996040 0.661875 0.007920 0.235469
0 0.083354 0.847578 0.057275 0.301094
0 0.926406 0.784766 0.068223 0.429063
0 0.504810 0.833867 0.039795 0.332266
0 0.505825 0.631445 0.018643 0.104766
0 0.420635 0.852539 0.058008 0.292109
7 0.594248 0.476133 0.002695 0.085391
7 0.578779 0.579414 0.005312 0.132578
0 0.981328 0.573828 0.015117 0.169219
0 0.517759 0.577539 0.007783 0.094922
0 0.535400 0.657930 0.020605 0.296641
0 0.470366 0.694687 0.020830 0.198594
