6 0.963052 0.505078 0.002588 0.094375
7 0.501592 0.579648 0.004551 0.058828
7 0.528325 0.591406 0.005029 0.071562
6 0.155845 0.706992 0.008115 0.344609
6 0.602979 0.816602 0.010098 0.348828
6 0.584243 0.729219 0.008213 0.318281
6 0.606499 0.745938 0.008408 0.336875
6 0.613560 0.772656 0.008271 0.401875
0 0.398105 0.592461 0.015410 0.090078
0 0.055605 0.786758 0.048418 0.358672
6 0.316563 0.593242 0.005371 0.186797
7 0.408965 0.605273 0.008848 0.110078
0 0.481069 0.614727 0.016768 0.129141
6 0.362627 0.556250 0.004141 0.097969
0 0.441294 0.831523 0.051553 0.330547
0 0.979180 0.603242 0.018496 0.201328
0 0.513486 0.815625 0.043145 0.368750
6 0.531948 0.592227 0.002939 0.103828
