0 0.981426 0.562461 0.014512 0.156172
0 0.972690 0.529492 0.010303 0.087266
0 0.445986 0.806211 0.035137 0.291797
0 0.483345 0.630586 0.010010 0.091797
2 0.012012 0.455234 0.006328 0.082656
2 0.017900 0.465039 0.007910 0.110391
0 0.011143 0.505039 0.005020 0.051641
0 0.006733 0.490391 0.005010 0.031719
0 0.010298 0.800391 0.020596 0.382031
0 0.993081 0.753477 0.013838 0.346172
0 0.021880 0.581016 0.012881 0.093594
0 0.533794 0.695117 0.022646 0.261328
0 0.504810 0.833867 0.039795 0.332266
0 0.505825 0.631445 0.018643 0.104766
0 0.038242 0.670000 0.025410 0.220938
7 0.596367 0.473516 0.001992 0.077969
0 0.915513 0.744219 0.077197 0.506875
0 0.517104 0.564453 0.008115 0.100156
0 0.114458 0.876836 0.081846 0.246328
