0 0.974893 0.531797 0.008242 0.080156
0 0.945615 0.640469 0.012773 0.168906
0 0.894580 0.757500 0.094375 0.485000
0 0.542607 0.751562 0.032402 0.330469
0 0.560049 0.671211 0.018535 0.226953
0 0.029712 0.606406 0.014795 0.130469
0 0.106895 0.867344 0.074102 0.262500
0 0.446299 0.830234 0.036348 0.327031
0 0.003711 0.474219 0.003027 0.027344
0 0.012695 0.813594 0.025391 0.372812
0 0.991602 0.799219 0.016797 0.401563
0 0.007661 0.492656 0.004014 0.035781
0 0.504810 0.833867 0.039795 0.332266
0 0.505825 0.631445 0.018643 0.104766
0 0.011826 0.512188 0.005488 0.055000
0 0.516494 0.564492 0.009492 0.106797
0 0.016938 0.541328 0.007861 0.072500
