0 0.997085 0.546445 0.004893 0.099141
6 0.961206 0.506641 0.002588 0.102187
0 0.527427 0.596016 0.017100 0.113125
7 0.457905 0.571406 0.004541 0.058750
7 0.451221 0.594141 0.006035 0.100781
6 0.537632 0.590859 0.003525 0.081719
6 0.208906 0.758555 0.012656 0.407578
6 0.654165 0.830508 0.010869 0.332578
6 0.613384 0.760117 0.009697 0.375859
6 0.643833 0.781055 0.010928 0.370078
6 0.669043 0.783281 0.009902 0.433438
0 0.383970 0.571211 0.014814 0.077109
0 0.002456 0.534961 0.004912 0.106328
6 0.342759 0.618047 0.005381 0.191719
7 0.441357 0.618047 0.008848 0.110156
6 0.336753 0.546875 0.004131 0.097969
0 0.047739 0.735625 0.043721 0.349063
0 0.874365 0.900898 0.097559 0.184453
0 0.513486 0.815625 0.043145 0.368750
6 0.534673 0.588477 0.002939 0.103828
