7 0.544854 0.581602 0.004551 0.058828
6 0.122856 0.669492 0.008916 0.292734
6 0.565752 0.761992 0.010098 0.340078
6 0.554116 0.719102 0.007080 0.240859
6 0.574390 0.696562 0.006494 0.264531
6 0.579673 0.722422 0.006553 0.297500
0 0.436675 0.608555 0.016514 0.113984
0 0.449868 0.809570 0.036787 0.369141
6 0.294395 0.576719 0.005371 0.184219
7 0.310693 0.577305 0.008848 0.110078
0 0.400205 0.578125 0.015938 0.146406
6 0.403804 0.570078 0.004131 0.113594
0 0.468203 0.638906 0.018145 0.144844
0 0.978247 0.523281 0.007412 0.078125
0 0.513486 0.815625 0.043145 0.368750
6 0.525601 0.573398 0.002939 0.078203
