6 0.119399 0.667734 0.008916 0.292812
6 0.561221 0.767187 0.010098 0.340000
6 0.550659 0.717383 0.007080 0.240859
6 0.570718 0.703477 0.006494 0.264453
6 0.576006 0.717227 0.006543 0.297578
0 0.443706 0.613711 0.019307 0.127891
0 0.455908 0.775039 0.031172 0.334609
6 0.291807 0.573242 0.005371 0.184141
7 0.298599 0.561758 0.008857 0.110078
0 0.392002 0.578125 0.015937 0.146406
6 0.409653 0.564492 0.004131 0.125859
0 0.466196 0.622812 0.017393 0.132812
0 0.978057 0.516992 0.006602 0.065391
0 0.513486 0.815625 0.043145 0.368750
6 0.524634 0.569883 0.002939 0.073672
