6 0.962827 0.505313 0.002588 0.095313
7 0.496250 0.579258 0.004551 0.058828
7 0.521343 0.589844 0.005264 0.076094
6 0.162109 0.713477 0.008730 0.352734
6 0.607466 0.819961 0.010088 0.346016
6 0.587739 0.732930 0.008389 0.325234
6 0.610508 0.750508 0.008711 0.340859
6 0.618042 0.777383 0.008545 0.408828
0 0.394639 0.589219 0.015156 0.084531
0 0.041753 0.720469 0.032900 0.288125
6 0.319678 0.596445 0.005371 0.187578
7 0.415190 0.610430 0.008857 0.110078
0 0.491743 0.618320 0.016279 0.125234
6 0.359351 0.554922 0.004131 0.097969
0 0.425112 0.838242 0.067256 0.302734
0 0.976606 0.628125 0.020596 0.219219
0 0.513486 0.815625 0.043145 0.368750
6 0.532275 0.591758 0.002949 0.103828
