0 0.976543 0.602227 0.018418 0.204609
0 0.966621 0.553320 0.011816 0.100391
0 0.407598 0.878242 0.061738 0.243516
0 0.478027 0.659219 0.013184 0.121563
0 0.489521 0.576797 0.005664 0.064219
2 0.010586 0.454414 0.006113 0.075859
2 0.015835 0.460898 0.006846 0.099922
0 0.010044 0.499922 0.004678 0.047500
0 0.005698 0.483984 0.004561 0.029219
0 0.011094 0.807656 0.022187 0.384687
0 0.992397 0.774609 0.015205 0.371719
0 0.018301 0.556563 0.010645 0.071719
0 0.525469 0.636055 0.017227 0.182891
0 0.504810 0.833867 0.039795 0.332266
0 0.505825 0.631445 0.018643 0.104766
0 0.029263 0.617344 0.018936 0.162031
0 0.758501 0.757617 0.126748 0.484766
0 0.515527 0.546484 0.006445 0.074219
0 0.062725 0.783242 0.039355 0.318516
