7 0.521196 0.581094 0.004541 0.058750
6 0.139858 0.683320 0.008467 0.314609
6 0.586533 0.804375 0.010098 0.359219
6 0.571416 0.715625 0.007559 0.292969
6 0.591802 0.729062 0.007295 0.322344
6 0.597104 0.755313 0.007275 0.376719
0 0.410801 0.604453 0.016348 0.110313
0 0.286021 0.910469 0.105967 0.179063
6 0.305469 0.581914 0.005371 0.184141
7 0.371611 0.587383 0.008848 0.110078
0 0.441929 0.601680 0.018564 0.143828
6 0.379116 0.562422 0.004131 0.122188
0 0.468745 0.728984 0.022998 0.241563
0 0.979136 0.552461 0.011240 0.137578
0 0.513486 0.815625 0.043145 0.368750
6 0.530112 0.589883 0.002939 0.099297
