0 0.486221 0.597656 0.008066 0.063906
2 0.020962 0.474687 0.008447 0.123437
2 0.038696 0.507383 0.024658 0.214297
0 0.026450 0.601406 0.015068 0.113750
0 0.016113 0.551914 0.008789 0.064922
0 0.006299 0.668477 0.012598 0.177578
0 0.996499 0.647773 0.007002 0.218359
0 0.124297 0.902344 0.084609 0.195312
0 0.950498 0.759062 0.043730 0.428281
0 0.504810 0.833867 0.039795 0.332266
0 0.505825 0.631445 0.018643 0.104766
0 0.447080 0.812461 0.034922 0.305547
7 0.589541 0.489844 0.003496 0.089375
7 0.584736 0.584922 0.006191 0.142656
0 0.983413 0.561602 0.013369 0.146641
0 0.519253 0.588359 0.008330 0.107031
0 0.545435 0.706133 0.031670 0.391328
0 0.474683 0.666680 0.017373 0.164297
