0 0.976777 0.587031 0.014707 0.201250
0 0.917197 0.800508 0.073848 0.395547
0 0.874297 0.790625 0.060273 0.414844
0 0.081392 0.841133 0.049521 0.314297
0 0.439941 0.837070 0.040273 0.325859
0 0.480117 0.632031 0.011406 0.114219
2 0.007012 0.451445 0.005098 0.057109
2 0.011860 0.455977 0.005420 0.082266
0 0.006934 0.485547 0.003711 0.035625
0 0.002666 0.475469 0.003457 0.025938
0 0.012695 0.813594 0.025391 0.372812
0 0.991602 0.799219 0.016797 0.401563
0 0.012183 0.516172 0.006318 0.047656
0 0.517881 0.573633 0.007988 0.088672
0 0.504810 0.833867 0.039795 0.332266
0 0.505825 0.631445 0.018643 0.104766
0 0.018389 0.552578 0.009238 0.086406
0 0.531616 0.650352 0.020674 0.266172
0 0.027891 0.604844 0.013437 0.143594
