0 0.996699 0.542070 0.005352 0.099766
6 0.961138 0.506719 0.002588 0.102500
0 0.526216 0.595586 0.016982 0.111953
7 0.456211 0.570742 0.004551 0.058828
7 0.447842 0.593789 0.006035 0.101641
6 0.537329 0.590664 0.003525 0.081641
6 0.211436 0.759570 0.012578 0.407734
6 0.656919 0.830391 0.010928 0.332344
6 0.614551 0.761367 0.009766 0.378203
6 0.645386 0.782422 0.011025 0.371406
6 0.671914 0.783984 0.009902 0.432031
0 0.383638 0.570469 0.014814 0.077187
0 0.001709 0.537734 0.003418 0.089531
6 0.343838 0.618828 0.005371 0.191719
7 0.441943 0.619141 0.008848 0.110156
6 0.335903 0.546641 0.004131 0.097969
0 0.043545 0.719414 0.040254 0.328359
0 0.861499 0.916484 0.100830 0.160156
0 0.513486 0.815625 0.043145 0.368750
6 0.534780 0.588320 0.002939 0.103828
