0 0.972998 0.605508 0.017773 0.225078
0 0.872241 0.832578 0.104248 0.334844
0 0.803970 0.805391 0.082959 0.389219
0 0.064268 0.787148 0.035527 0.299141
0 0.421470 0.862773 0.053193 0.272891
0 0.477646 0.646250 0.014082 0.124375
2 0.006455 0.450781 0.004844 0.053906
2 0.011167 0.455117 0.005166 0.079141
0 0.006382 0.483047 0.003545 0.033594
0 0.002114 0.475469 0.003291 0.025938
0 0.012695 0.813594 0.025391 0.372812
0 0.991602 0.799219 0.016797 0.401563
0 0.011392 0.511133 0.005713 0.046172
0 0.516953 0.563164 0.007070 0.079141
0 0.504810 0.833867 0.039795 0.332266
0 0.505825 0.631445 0.018643 0.104766
0 0.016982 0.545625 0.008613 0.081094
0 0.526509 0.620508 0.018252 0.209766
0 0.025552 0.592773 0.012295 0.131172
