0 0.969712 0.552305 0.010986 0.108828
0 0.890088 0.813828 0.053027 0.372344
0 0.759961 0.765312 0.170898 0.467031
0 0.531982 0.681211 0.021836 0.222422
0 0.545068 0.625195 0.012051 0.167109
0 0.024727 0.580859 0.011875 0.110156
0 0.063901 0.794336 0.040889 0.323828
0 0.412314 0.873281 0.059199 0.253437
0 0.012695 0.813594 0.025391 0.372812
0 0.991602 0.799219 0.016797 0.401563
0 0.006440 0.487305 0.003623 0.031953
0 0.504810 0.833867 0.039795 0.332266
0 0.505825 0.631445 0.018643 0.104766
0 0.010439 0.503633 0.004473 0.045859
0 0.515435 0.554727 0.007295 0.088516
0 0.014937 0.530234 0.007021 0.064688
