6 0.961797 0.506172 0.002598 0.099688
0 0.538364 0.600781 0.017686 0.117656
7 0.471475 0.576445 0.004551 0.058828
7 0.478286 0.596953 0.006064 0.093906
6 0.191333 0.743594 0.011572 0.390938
6 0.632163 0.831758 0.010303 0.334766
6 0.604058 0.750273 0.009229 0.357422
6 0.631396 0.770195 0.010117 0.359453
6 0.646895 0.778320 0.009805 0.440859
0 0.386660 0.577266 0.014805 0.077187
0 0.010830 0.591094 0.013887 0.156875
6 0.334229 0.611367 0.005371 0.191172
7 0.434985 0.613711 0.008857 0.110078
0 0.542036 0.607969 0.008701 0.141406
6 0.344038 0.548750 0.004131 0.097969
0 0.112075 0.842500 0.100908 0.310000
0 0.944336 0.799453 0.048633 0.378594
0 0.513486 0.815625 0.043145 0.368750
6 0.533799 0.589648 0.002949 0.103828
