0 0.997476 0.550781 0.004424 0.098437
6 0.961284 0.506602 0.002588 0.101953
0 0.528643 0.596406 0.017227 0.114375
7 0.459600 0.572031 0.004551 0.058750
7 0.454604 0.594492 0.006045 0.099922
6 0.206382 0.757539 0.012725 0.407422
6 0.651416 0.830703 0.010801 0.332812
6 0.612217 0.758906 0.009648 0.373594
6 0.642280 0.779688 0.010830 0.368750
6 0.666172 0.782617 0.009902 0.434766
0 0.384312 0.571953 0.014814 0.077188
0 0.003198 0.532227 0.006396 0.123203
6 0.341680 0.617305 0.005371 0.191641
7 0.440776 0.616992 0.008857 0.110078
6 0.337603 0.547031 0.004131 0.097969
0 0.051934 0.751875 0.047168 0.369688
0 0.887231 0.885352 0.094287 0.208672
0 0.513486 0.815625 0.043145 0.368750
6 0.534561 0.588594 0.002949 0.103750
