6 0.961870 0.506094 0.002588 0.099375
0 0.540195 0.601992 0.017598 0.116328
7 0.473169 0.577070 0.004541 0.058828
7 0.481665 0.597305 0.006064 0.093047
6 0.189248 0.741445 0.011367 0.388203
6 0.629414 0.831914 0.010234 0.335078
6 0.602896 0.748984 0.009170 0.355156
6 0.629844 0.768828 0.010020 0.358125
6 0.644839 0.778281 0.009717 0.438594
0 0.386997 0.578047 0.014814 0.077188
0 0.012495 0.598125 0.015107 0.165312
6 0.333184 0.610313 0.005371 0.190937
7 0.433838 0.614102 0.008848 0.110078
0 0.538892 0.608594 0.010498 0.141406
6 0.345132 0.549180 0.004131 0.097891
0 0.127744 0.855625 0.115254 0.286250
0 0.947222 0.796797 0.046104 0.387344
0 0.513486 0.815625 0.043145 0.368750
6 0.533691 0.589805 0.002949 0.103828
