0 0.983989 0.477031 0.005576 0.049687
0 0.990098 0.499023 0.006914 0.067578
6 0.958335 0.509102 0.002588 0.114453
6 0.961191 0.510430 0.002578 0.113828
0 0.506328 0.581445 0.005723 0.066641
7 0.396826 0.550195 0.004414 0.058828
7 0.306689 0.531641 0.007480 0.112656
6 0.529468 0.588555 0.003525 0.081641
6 0.306313 0.776641 0.010928 0.397188
6 0.790195 0.829844 0.012969 0.324219
6 0.685244 0.777500 0.011426 0.434688
6 0.745464 0.808555 0.012334 0.382891
6 0.795732 0.777930 0.009902 0.438359
0 0.380879 0.570781 0.014805 0.077187
6 0.384727 0.647461 0.005371 0.191641
7 0.446211 0.614570 0.008848 0.110078
6 0.315752 0.533438 0.004141 0.097969
0 0.544355 0.751406 0.026426 0.241875
0 0.513486 0.815625 0.043145 0.368750
6 0.536743 0.585586 0.002939 0.103828
