0 0.986865 0.553516 0.017656 0.191719
6 0.495767 0.787148 0.018584 0.425703
7 0.617852 0.500117 0.006504 0.138359
6 0.592017 0.602773 0.008506 0.251172
0 0.005400 0.613477 0.010801 0.153203
0 0.436479 0.770508 0.039502 0.332891
0 0.785073 0.823477 0.146553 0.353047
6 0.919399 0.574570 0.011318 0.364141
0 0.913408 0.791133 0.083555 0.415859
7 0.952090 0.693867 0.013047 0.375234
0 0.989453 0.625820 0.021094 0.315391
0 0.458853 0.598555 0.015068 0.186016
0 0.470098 0.614688 0.013223 0.079375
0 0.472363 0.620156 0.012031 0.077031
