0 0.987256 0.553125 0.017461 0.190000
6 0.492925 0.787148 0.018584 0.425703
7 0.617852 0.500117 0.006504 0.138359
6 0.592080 0.602422 0.008613 0.252969
0 0.005400 0.613164 0.010801 0.152578
0 0.438022 0.763633 0.038818 0.321328
0 0.785757 0.824062 0.146709 0.351875
6 0.918662 0.577500 0.011426 0.370000
0 0.913267 0.792500 0.083232 0.412969
7 0.952646 0.689492 0.012852 0.368359
0 0.989521 0.626094 0.020957 0.315937
0 0.458853 0.598281 0.015068 0.185469
0 0.470146 0.614297 0.013223 0.079375
0 0.472397 0.619727 0.012021 0.076953
