6 0.446904 0.793906 0.017539 0.412188
7 0.601846 0.536172 0.006641 0.141094
6 0.591050 0.639766 0.009150 0.286094
0 0.002852 0.645898 0.005703 0.211953
0 0.005400 0.608008 0.010801 0.142266
0 0.448115 0.721172 0.024160 0.253125
0 0.818364 0.808945 0.140244 0.382109
6 0.901880 0.633711 0.013447 0.475859
0 0.932012 0.782461 0.063223 0.434141
7 0.963789 0.615820 0.009570 0.251953
0 0.990776 0.620742 0.018447 0.305234
0 0.458853 0.593281 0.015068 0.174687
0 0.472217 0.606250 0.013223 0.079375
0 0.473008 0.611758 0.012031 0.076953
