6 0.451519 0.792383 0.017764 0.415234
7 0.603594 0.532695 0.006504 0.138359
6 0.591167 0.635625 0.009092 0.282344
0 0.002520 0.649648 0.005039 0.211953
0 0.005400 0.608555 0.010801 0.143359
0 0.447437 0.724805 0.025146 0.258672
0 0.814277 0.810312 0.140234 0.379375
6 0.904541 0.626797 0.013223 0.464063
0 0.929019 0.785117 0.066045 0.428672
7 0.961992 0.621328 0.009746 0.261250
0 0.990640 0.621484 0.018721 0.306719
0 0.458853 0.593828 0.015068 0.175937
0 0.470947 0.607891 0.013223 0.079375
0 0.472939 0.612695 0.012031 0.076953
