6 0.425981 0.799805 0.016377 0.394141
7 0.597715 0.550547 0.007969 0.167969
6 0.590479 0.660508 0.009453 0.304453
0 0.004219 0.627773 0.008438 0.211953
0 0.005400 0.605117 0.010801 0.136484
0 0.449106 0.719570 0.023994 0.258516
0 0.838799 0.801992 0.140234 0.396016
6 0.885537 0.647266 0.014238 0.515156
0 0.947007 0.760391 0.049092 0.443750
7 0.972778 0.588320 0.008682 0.205547
0 0.992773 0.605156 0.014453 0.274062
0 0.458853 0.590508 0.015068 0.168672
0 0.478564 0.598281 0.013223 0.079375
0 0.473345 0.607383 0.012021 0.076953
