6 0.417124 0.801641 0.015791 0.382812
7 0.597290 0.563633 0.008643 0.181484
6 0.587319 0.676016 0.010400 0.319219
0 0.004692 0.619258 0.009385 0.211953
0 0.005400 0.603672 0.010801 0.133594
0 0.449473 0.719727 0.024180 0.263047
0 0.849600 0.797969 0.139082 0.404062
6 0.876982 0.651484 0.014590 0.532344
0 0.954790 0.715117 0.041943 0.376016
7 0.977271 0.574570 0.008252 0.182266
0 0.993936 0.595859 0.012129 0.255469
0 0.458853 0.589102 0.015068 0.165703
0 0.481738 0.594219 0.013223 0.079375
0 0.473516 0.605195 0.012031 0.076953
