7 0.072700 0.558711 0.006533 0.200078
1 0.610913 0.603945 0.017236 0.117578
0 0.549980 0.643711 0.007656 0.053984
0 0.983857 0.469570 0.024277 0.211953
0 0.387544 0.834883 0.059932 0.330234
0 0.433320 0.774961 0.018457 0.218672
6 0.640381 0.789492 0.023984 0.415547
6 0.604131 0.673164 0.007227 0.235703
0 0.004233 0.504687 0.008467 0.153750
0 0.067964 0.655391 0.034385 0.264219
0 0.868198 0.779609 0.118154 0.440781
6 0.945811 0.445977 0.007832 0.219297
0 0.938081 0.740313 0.056650 0.519375
7 0.959053 0.578789 0.012637 0.334766
0 0.988320 0.572148 0.023359 0.257578
0 0.453682 0.675820 0.015371 0.210547
0 0.464331 0.684219 0.013232 0.079375
0 0.467944 0.686211 0.012021 0.076953
