6 0.415352 0.801992 0.015684 0.380547
7 0.597349 0.567031 0.008779 0.184219
6 0.586304 0.679805 0.010693 0.322891
0 0.004785 0.617539 0.009570 0.211953
0 0.005400 0.603398 0.010801 0.133047
0 0.449541 0.719727 0.024219 0.263984
0 0.852227 0.796719 0.137930 0.406563
6 0.875273 0.652305 0.014668 0.535859
0 0.956436 0.707773 0.040488 0.364766
7 0.978169 0.571797 0.008154 0.177656
0 0.994165 0.594023 0.011670 0.251797
0 0.458853 0.588867 0.015068 0.165078
0 0.482373 0.593438 0.013223 0.079375
0 0.473550 0.604727 0.012021 0.076953
