7 0.073062 0.557344 0.006533 0.202188
1 0.610806 0.605625 0.017646 0.118437
0 0.549185 0.649492 0.007881 0.054922
0 0.984014 0.469453 0.024277 0.207656
0 0.378931 0.835352 0.066455 0.329297
0 0.431680 0.777695 0.018750 0.228828
6 0.648252 0.788711 0.024395 0.415703
6 0.605225 0.676328 0.007187 0.235312
0 0.004165 0.501016 0.008330 0.153750
0 0.064150 0.645430 0.031660 0.252266
0 0.872559 0.779727 0.115215 0.440547
6 0.946724 0.441953 0.007764 0.216094
0 0.939580 0.744805 0.054980 0.510391
7 0.959810 0.571523 0.012373 0.325703
0 0.988403 0.576523 0.023193 0.255234
0 0.453140 0.675156 0.015439 0.210938
0 0.463848 0.683672 0.013223 0.079375
0 0.467642 0.690820 0.012021 0.076953
