6 0.410029 0.803086 0.015332 0.373672
7 0.597524 0.577227 0.009189 0.192266
6 0.583257 0.691211 0.011592 0.333984
0 0.005068 0.612461 0.010137 0.211953
0 0.006294 0.594062 0.011084 0.132969
0 0.449761 0.719805 0.024326 0.266641
0 0.860107 0.792969 0.134453 0.414062
6 0.867964 0.654805 0.014873 0.546172
0 0.961357 0.685781 0.036133 0.330937
7 0.980864 0.563516 0.007900 0.163750
0 0.994863 0.588437 0.010273 0.240625
0 0.458853 0.588008 0.015068 0.163359
0 0.485679 0.595234 0.013232 0.079375
0 0.473647 0.603398 0.012021 0.076953
