7 0.073423 0.555898 0.006533 0.204297
1 0.610698 0.607344 0.018057 0.119219
0 0.548252 0.647070 0.008105 0.055859
0 0.984170 0.469375 0.024277 0.203281
0 0.370327 0.835859 0.072979 0.328281
0 0.430039 0.780469 0.019023 0.239063
6 0.658159 0.790195 0.026201 0.414922
6 0.606694 0.676641 0.007158 0.234844
0 0.004102 0.497422 0.008203 0.153750
0 0.060337 0.635430 0.028936 0.240234
0 0.876924 0.779844 0.112266 0.440312
6 0.947627 0.437930 0.007695 0.212891
0 0.941079 0.749336 0.053291 0.501328
7 0.960557 0.575313 0.012109 0.319687
0 0.988486 0.580820 0.023027 0.252891
0 0.452603 0.674492 0.015518 0.211328
0 0.463364 0.683047 0.013232 0.079375
0 0.466772 0.687539 0.012021 0.076953
