6 0.397632 0.805625 0.014521 0.357812
7 0.598936 0.618125 0.010117 0.204844
6 0.576147 0.717734 0.013662 0.359688
0 0.005732 0.600586 0.011465 0.211953
0 0.008389 0.572227 0.011758 0.133047
0 0.449692 0.703047 0.025752 0.239219
0 0.878506 0.784258 0.126367 0.431484
6 0.850908 0.660664 0.015371 0.570234
0 0.972856 0.634492 0.025967 0.251953
7 0.987153 0.544258 0.007275 0.131172
0 0.996484 0.575469 0.007031 0.214688
0 0.458853 0.586094 0.015068 0.159062
0 0.493394 0.599453 0.013232 0.079375
0 0.473887 0.600352 0.012031 0.076953
