0 0.992285 0.548008 0.014863 0.167109
6 0.458438 0.790156 0.018125 0.419687
7 0.606270 0.526602 0.006504 0.138359
6 0.591338 0.629375 0.009004 0.276875
0 0.002026 0.655352 0.004053 0.211953
0 0.005400 0.609414 0.010801 0.145078
0 0.446421 0.730195 0.026631 0.266953
0 0.808447 0.812617 0.140703 0.374766
6 0.908525 0.616484 0.012891 0.446406
0 0.924517 0.789062 0.070283 0.420469
7 0.959971 0.632812 0.010234 0.279531
0 0.990430 0.622578 0.019141 0.308906
0 0.458853 0.594688 0.015068 0.177656
0 0.470796 0.609063 0.013232 0.079375
0 0.472837 0.614023 0.012021 0.076953
