6 0.404717 0.804141 0.014980 0.366875
7 0.597900 0.590820 0.009590 0.199141
6 0.580210 0.702578 0.012471 0.345000
0 0.005352 0.607383 0.010703 0.211953
0 0.007192 0.584688 0.011377 0.132969
0 0.449355 0.715469 0.025703 0.260625
0 0.867993 0.789258 0.130986 0.421484
6 0.860649 0.657305 0.015088 0.556484
0 0.966289 0.663828 0.031777 0.297031
7 0.983560 0.555273 0.007627 0.149766
0 0.995557 0.582891 0.008887 0.229531
0 0.458853 0.587187 0.015068 0.161563
0 0.488984 0.597031 0.013223 0.079375
0 0.473750 0.602070 0.012031 0.076953
