6 0.401172 0.804922 0.014746 0.362344
7 0.598413 0.604453 0.009854 0.202031
6 0.578184 0.710156 0.013066 0.352344
0 0.005542 0.603945 0.011084 0.211953
0 0.007788 0.578437 0.011572 0.132969
0 0.449521 0.709258 0.025723 0.249922
0 0.873247 0.786758 0.128682 0.426484
6 0.855781 0.658984 0.015234 0.563438
0 0.969575 0.649141 0.028877 0.274531
7 0.985356 0.549766 0.007451 0.140469
0 0.996021 0.579180 0.007959 0.222109
0 0.458853 0.586641 0.015068 0.160312
0 0.491191 0.598281 0.013223 0.079375
0 0.473818 0.601211 0.012031 0.076953
