7 0.068354 0.575742 0.006533 0.174766
0 0.980303 0.507383 0.021816 0.224922
0 0.430635 0.792461 0.023730 0.234453
0 0.441626 0.699922 0.018174 0.139687
6 0.569839 0.788203 0.018994 0.423594
6 0.595713 0.614961 0.006582 0.219453
0 0.004883 0.561797 0.009766 0.153750
0 0.235742 0.892188 0.092969 0.215625
0 0.805908 0.805273 0.142871 0.389453
6 0.934941 0.516523 0.008633 0.302891
0 0.921865 0.757266 0.076582 0.484844
7 0.952500 0.651406 0.014453 0.403594
0 0.987988 0.602227 0.024023 0.293672
0 0.457852 0.636563 0.015059 0.186250
0 0.468145 0.649375 0.013223 0.079375
0 0.471548 0.630742 0.012021 0.076953
