0 0.982158 0.542383 0.017266 0.208672
0 0.437271 0.704727 0.021299 0.198359
6 0.526938 0.787148 0.018584 0.425703
6 0.591875 0.604414 0.007363 0.231484
0 0.005249 0.603984 0.010498 0.153750
0 0.405957 0.824062 0.058203 0.351875
0 0.777515 0.816953 0.144873 0.366094
6 0.927329 0.542930 0.010088 0.305234
0 0.915039 0.775625 0.087148 0.447500
7 0.949170 0.707227 0.014453 0.418516
0 0.988687 0.622773 0.022627 0.309297
0 0.458853 0.607422 0.015068 0.181094
0 0.469546 0.619102 0.013232 0.079297
0 0.471987 0.625000 0.012021 0.077031
