6 0.433071 0.798398 0.016846 0.403203
7 0.598916 0.544805 0.007441 0.157266
6 0.590703 0.652227 0.009336 0.297109
0 0.003843 0.634570 0.007686 0.211953
0 0.005400 0.606250 0.010801 0.138750
0 0.448818 0.719492 0.023848 0.254922
0 0.830625 0.804766 0.140234 0.390469
6 0.892378 0.643945 0.013955 0.501328
0 0.941011 0.774570 0.054736 0.450547
7 0.969180 0.599297 0.009043 0.224062
0 0.991846 0.612578 0.016309 0.288906
0 0.458853 0.591641 0.015068 0.171094
0 0.476025 0.601484 0.013223 0.079375
0 0.473208 0.609180 0.012021 0.076953
