7 0.069805 0.570078 0.006523 0.183281
0 0.981885 0.486016 0.023223 0.230000
0 0.422837 0.831836 0.029424 0.275078
0 0.439199 0.726250 0.018184 0.164687
6 0.587026 0.791641 0.020654 0.416719
6 0.597988 0.636641 0.006914 0.227344
0 0.004707 0.538281 0.009414 0.153750
0 0.146074 0.841992 0.087090 0.316016
0 0.825317 0.794961 0.142705 0.410078
6 0.938564 0.478125 0.008359 0.245313
0 0.927319 0.751602 0.073193 0.496328
7 0.953525 0.634258 0.014453 0.398984
0 0.987988 0.578516 0.024023 0.280312
0 0.456851 0.657461 0.015068 0.197578
0 0.467344 0.671016 0.013223 0.079375
0 0.470347 0.649258 0.012021 0.076953
