7 0.069082 0.572930 0.006523 0.178984
0 0.981094 0.496719 0.022520 0.227500
0 0.427954 0.820156 0.024951 0.237187
0 0.440410 0.713086 0.018184 0.152109
6 0.577651 0.790312 0.019834 0.419375
6 0.596851 0.625781 0.006748 0.223438
0 0.004795 0.550039 0.009590 0.153672
0 0.181919 0.876172 0.101982 0.247656
0 0.814409 0.801172 0.142705 0.397656
6 0.936758 0.497344 0.008496 0.274063
0 0.924956 0.754453 0.076670 0.490625
7 0.953018 0.642852 0.014453 0.401328
0 0.987988 0.590391 0.024023 0.287031
0 0.457354 0.647031 0.015059 0.191875
0 0.467744 0.660195 0.013223 0.079297
0 0.470947 0.639961 0.012031 0.076953
