7 0.076318 0.572656 0.006523 0.194375
1 0.610308 0.594180 0.021787 0.131797
0 0.540225 0.617969 0.009902 0.063594
0 0.986416 0.531094 0.024277 0.198906
0 0.210830 0.803125 0.123613 0.393750
0 0.409043 0.794883 0.032734 0.334141
0 0.425879 0.669336 0.015195 0.119453
6 0.748311 0.797227 0.024062 0.405547
6 0.619209 0.659297 0.006934 0.232031
0 0.003062 0.563906 0.006123 0.153750
0 0.039326 0.597383 0.018672 0.154141
0 0.911826 0.794766 0.088770 0.410469
6 0.955498 0.523789 0.007168 0.196172
0 0.953066 0.785508 0.039863 0.428984
7 0.966865 0.632852 0.010020 0.271172
0 0.989150 0.615547 0.021699 0.234062
0 0.447476 0.634023 0.016123 0.272734
0 0.459204 0.642188 0.013232 0.079375
0 0.459043 0.635195 0.012031 0.076953
