7 0.074873 0.550273 0.006523 0.212734
1 0.611260 0.616328 0.021699 0.127031
0 0.544536 0.637148 0.009014 0.059766
0 0.986211 0.474297 0.024277 0.198906
0 0.309155 0.823438 0.104639 0.353125
0 0.421748 0.791484 0.023633 0.279844
6 0.700410 0.801641 0.026602 0.396719
6 0.612549 0.677891 0.007012 0.232969
0 0.003584 0.530625 0.007168 0.153750
0 0.046909 0.595508 0.021670 0.192422
0 0.894375 0.780352 0.100527 0.439297
6 0.950903 0.464961 0.007432 0.187109
0 0.947070 0.767422 0.046582 0.465156
7 0.963574 0.590508 0.011074 0.295391
0 0.988818 0.598203 0.022363 0.243438
0 0.450430 0.658477 0.015820 0.239922
0 0.461436 0.680625 0.013223 0.079375
0 0.463286 0.674414 0.012021 0.076953
