7 0.076914 0.592148 0.006523 0.188047
1 0.609585 0.577578 0.021846 0.135313
0 0.535415 0.581250 0.010576 0.066562
0 0.986973 0.561562 0.023066 0.186719
0 0.139932 0.807266 0.092988 0.385469
0 0.396641 0.791797 0.042070 0.385000
0 0.421299 0.637344 0.015391 0.136406
6 0.781064 0.793906 0.022168 0.412188
6 0.624800 0.630430 0.006924 0.231953
0 0.002676 0.588828 0.005352 0.153750
0 0.034644 0.609258 0.016592 0.127891
0 0.923203 0.807422 0.077598 0.385156
6 0.956758 0.553281 0.006816 0.180156
0 0.957563 0.799063 0.034834 0.401875
7 0.968306 0.656016 0.009248 0.251719
0 0.989399 0.628555 0.021201 0.227109
0 0.443467 0.606836 0.016348 0.286328
0 0.456938 0.607422 0.013232 0.079375
0 0.455679 0.599336 0.012021 0.076953
