0 0.991123 0.549180 0.015469 0.172422
6 0.465356 0.787891 0.018467 0.424219
7 0.608945 0.520469 0.006504 0.138281
6 0.591509 0.623164 0.008916 0.271328
0 0.005400 0.610313 0.010801 0.146875
0 0.445405 0.735664 0.028115 0.275234
0 0.803213 0.815234 0.142090 0.369531
6 0.911323 0.607109 0.012549 0.428750
0 0.920020 0.793008 0.074531 0.412266
7 0.958281 0.645898 0.010840 0.300078
0 0.990220 0.623672 0.019561 0.311094
0 0.458853 0.595508 0.015068 0.179453
0 0.470649 0.610313 0.013232 0.079375
0 0.472734 0.615312 0.012031 0.077031
