6 0.420669 0.800938 0.016025 0.387344
7 0.597173 0.556836 0.008389 0.176172
6 0.589346 0.668438 0.009805 0.311875
0 0.004502 0.622695 0.009004 0.211953
0 0.005400 0.604258 0.010801 0.134766
0 0.449326 0.719648 0.024102 0.261172
0 0.844927 0.799922 0.140244 0.400156
6 0.880405 0.649766 0.014443 0.525469
0 0.951504 0.729766 0.044844 0.398594
7 0.975474 0.580078 0.008428 0.191563
0 0.993472 0.599570 0.013057 0.262891
0 0.458853 0.589687 0.015068 0.166875
0 0.480469 0.595859 0.013223 0.079375
0 0.473447 0.606055 0.012031 0.076953
