7 0.076787 0.595742 0.006523 0.195234
1 0.609346 0.572070 0.021875 0.136484
0 0.534336 0.572344 0.010801 0.067500
0 0.986914 0.571172 0.023066 0.186719
0 0.123999 0.802422 0.080518 0.395156
0 0.388203 0.788516 0.047090 0.402031
0 0.408203 0.695469 0.021816 0.162500
0 0.419775 0.626680 0.015449 0.142109
6 0.791450 0.792812 0.021533 0.414375
6 0.626504 0.625625 0.006934 0.232031
0 0.002544 0.597148 0.005088 0.153672
0 0.033081 0.613203 0.015889 0.119062
0 0.925850 0.810547 0.072305 0.378906
6 0.957178 0.563125 0.006699 0.174844
0 0.959058 0.803594 0.033154 0.392813
7 0.968525 0.662734 0.008984 0.244375
0 0.989482 0.632891 0.021035 0.224688
0 0.442139 0.597773 0.016426 0.291016
0 0.456099 0.596328 0.013232 0.079375
0 0.454556 0.587305 0.012021 0.076953
