6 0.418892 0.801289 0.015908 0.385078
7 0.597231 0.560234 0.008506 0.178750
6 0.588330 0.672227 0.010098 0.315547
0 0.004600 0.620977 0.009199 0.211953
0 0.005400 0.603945 0.010801 0.134141
0 0.449399 0.719648 0.024150 0.262109
0 0.846973 0.799219 0.140234 0.401563
6 0.878696 0.650625 0.014521 0.528906
0 0.953145 0.722422 0.043398 0.387344
7 0.976372 0.577305 0.008330 0.186953
0 0.993701 0.597734 0.012598 0.259219
0 0.458853 0.589414 0.015068 0.166328
0 0.481104 0.595078 0.013223 0.079375
0 0.473481 0.605625 0.012021 0.077031
