0 0.988799 0.551562 0.016660 0.182969
6 0.481597 0.787148 0.018584 0.425703
7 0.614287 0.508242 0.006504 0.138359
6 0.591851 0.610703 0.008740 0.260313
0 0.005400 0.612031 0.010801 0.150312
0 0.442754 0.749336 0.032324 0.278984
0 0.792744 0.820547 0.144863 0.358906
6 0.915728 0.589336 0.011885 0.393516
0 0.912671 0.798164 0.081924 0.401484
7 0.954902 0.672070 0.012051 0.341016
0 0.989800 0.625898 0.020400 0.315547
0 0.458853 0.597187 0.015068 0.183125
0 0.470347 0.612695 0.013232 0.079297
0 0.472534 0.617930 0.012021 0.076953
