6 0.431299 0.798750 0.016719 0.400938
7 0.598613 0.546250 0.007578 0.159844
6 0.590649 0.654297 0.009365 0.298906
0 0.003936 0.632852 0.007871 0.211953
0 0.005400 0.605977 0.010801 0.138203
0 0.448887 0.719492 0.023887 0.255859
0 0.832666 0.804063 0.140234 0.391875
6 0.890674 0.644805 0.014023 0.504766
0 0.942510 0.773242 0.053320 0.453359
7 0.970083 0.596562 0.008955 0.219375
0 0.992080 0.610703 0.015840 0.285156
0 0.458853 0.591367 0.015068 0.170547
0 0.476660 0.600664 0.013223 0.079297
0 0.473242 0.608711 0.012031 0.076953
