7 0.075596 0.556758 0.006523 0.208047
1 0.610781 0.605234 0.021738 0.129375
0 0.542480 0.629102 0.009453 0.061641
0 0.986309 0.502656 0.024277 0.198906
0 0.262012 0.814844 0.127148 0.370313
0 0.417310 0.796992 0.026514 0.300234
0 0.428931 0.690664 0.015068 0.108047
6 0.724365 0.799414 0.025332 0.401172
6 0.615479 0.678516 0.006934 0.232031
0 0.003325 0.547266 0.006650 0.153750
0 0.042446 0.589492 0.020068 0.171641
0 0.903101 0.785234 0.094658 0.429531
6 0.952549 0.478477 0.007305 0.174297
0 0.950068 0.776445 0.043223 0.447109
7 0.965078 0.598047 0.010547 0.283281
0 0.988984 0.606875 0.022031 0.238750
0 0.449351 0.648203 0.015967 0.258750
0 0.460371 0.667422 0.013223 0.079375
0 0.461289 0.659180 0.012031 0.076953
