7 0.066543 0.582812 0.006523 0.164219
0 0.981016 0.520820 0.020078 0.218672
0 0.436138 0.733516 0.021299 0.225469
6 0.551743 0.787148 0.018584 0.425703
6 0.593579 0.599844 0.006533 0.217188
0 0.005098 0.591250 0.010195 0.153750
0 0.343447 0.886406 0.081309 0.227187
0 0.790684 0.810234 0.143633 0.379531
6 0.932017 0.526680 0.009189 0.303828
0 0.917729 0.764297 0.083545 0.470469
7 0.951221 0.672930 0.014453 0.409297
0 0.988130 0.620547 0.023740 0.304844
0 0.458853 0.614766 0.015068 0.175625
0 0.469146 0.622305 0.013232 0.079297
0 0.471719 0.628555 0.012031 0.076953
