6 0.442295 0.795391 0.017305 0.409219
7 0.600117 0.539062 0.006914 0.146406
6 0.590933 0.643945 0.009209 0.289766
0 0.003184 0.642148 0.006367 0.211953
0 0.005400 0.607422 0.010801 0.141094
0 0.448525 0.719375 0.023691 0.251250
0 0.822451 0.807539 0.140234 0.384922
6 0.899229 0.640586 0.013672 0.487578
0 0.935010 0.779805 0.060391 0.439609
7 0.965586 0.610313 0.009395 0.242656
0 0.990918 0.620000 0.018164 0.303750
0 0.458853 0.592734 0.015068 0.173438
0 0.473486 0.604688 0.013223 0.079375
0 0.473071 0.610898 0.012021 0.076953
