7 0.074512 0.551641 0.006523 0.210625
1 0.610869 0.613516 0.020293 0.123906
0 0.545469 0.639609 0.008789 0.058750
0 0.985581 0.472617 0.024287 0.198984
0 0.332729 0.827734 0.093389 0.344531
0 0.423965 0.788711 0.022188 0.269609
6 0.688438 0.802734 0.027227 0.394531
6 0.611084 0.677578 0.007051 0.233437
0 0.003711 0.522344 0.007422 0.153750
0 0.049814 0.605508 0.022578 0.204453
0 0.890015 0.780234 0.103467 0.439531
6 0.950088 0.458203 0.007500 0.193594
0 0.945576 0.762891 0.048262 0.474219
7 0.962822 0.586680 0.011328 0.301484
0 0.988735 0.593867 0.022529 0.245859
0 0.450977 0.663594 0.015742 0.230625
0 0.461919 0.681250 0.013232 0.079375
0 0.464155 0.677695 0.012021 0.076953
