7 0.071611 0.562969 0.006523 0.193750
1 0.611235 0.598906 0.016006 0.115156
0 0.552373 0.626250 0.006992 0.051094
0 0.983389 0.469805 0.024277 0.225078
0 0.404780 0.838008 0.045596 0.323984
0 0.436172 0.759062 0.018184 0.195937
6 0.616768 0.791914 0.022734 0.414766
6 0.600835 0.663711 0.007334 0.237109
0 0.004429 0.515586 0.008857 0.153672
0 0.086299 0.753164 0.049668 0.393672
0 0.853735 0.781875 0.127764 0.436250
6 0.943096 0.458047 0.008027 0.229063
0 0.933975 0.744531 0.062988 0.510781
7 0.956792 0.600742 0.013408 0.361797
0 0.988071 0.559180 0.023857 0.264609
0 0.455308 0.677695 0.015146 0.209297
0 0.465776 0.686016 0.013232 0.079375
0 0.468843 0.672383 0.012021 0.076953
