6 0.424214 0.800195 0.016260 0.391797
7 0.597417 0.551992 0.008115 0.170703
6 0.590420 0.662617 0.009473 0.306328
0 0.004316 0.626055 0.008633 0.211953
0 0.005400 0.604805 0.010801 0.135859
0 0.449185 0.719609 0.024033 0.259375
0 0.840840 0.801289 0.140234 0.397422
6 0.883828 0.648125 0.014316 0.518594
0 0.948506 0.750195 0.047676 0.428672
7 0.973677 0.585586 0.008604 0.200859
0 0.993008 0.603281 0.013984 0.270312
0 0.458853 0.590234 0.015068 0.168125
0 0.479199 0.597461 0.013223 0.079297
0 0.473379 0.606914 0.012031 0.076953
