7 0.069443 0.571484 0.006523 0.181094
0 0.981489 0.491367 0.022881 0.228672
0 0.425400 0.825977 0.027187 0.256172
0 0.439805 0.719648 0.018184 0.158359
6 0.581558 0.791367 0.020244 0.417266
6 0.597422 0.631211 0.006836 0.225391
0 0.004751 0.544141 0.009502 0.153750
0 0.164019 0.853516 0.095596 0.292969
0 0.819863 0.798047 0.142715 0.403906
6 0.937661 0.487734 0.008428 0.259687
0 0.926138 0.753008 0.074932 0.493516
7 0.953271 0.638594 0.014453 0.400156
0 0.987988 0.584414 0.024023 0.283672
0 0.457104 0.652227 0.015068 0.194766
0 0.467544 0.665625 0.013232 0.079375
0 0.470649 0.644570 0.012021 0.076953
