0 0.989189 0.551133 0.016465 0.181172
6 0.478760 0.787148 0.018574 0.425703
7 0.613398 0.510273 0.006504 0.138359
6 0.591792 0.612812 0.008760 0.262188
0 0.005400 0.611719 0.010801 0.149687
0 0.443809 0.746875 0.030391 0.268750
0 0.794487 0.819648 0.144404 0.360703
6 0.914990 0.592344 0.011992 0.399375
0 0.912524 0.799609 0.081592 0.398594
7 0.955464 0.667734 0.011846 0.334219
0 0.989873 0.625547 0.020254 0.314844
0 0.458853 0.596875 0.015068 0.182500
0 0.470396 0.612266 0.013232 0.079375
0 0.472563 0.617539 0.012021 0.076953
