0 0.990737 0.549570 0.015654 0.174141
6 0.467661 0.787148 0.018584 0.425703
7 0.609834 0.518437 0.006504 0.138281
6 0.591562 0.621094 0.008887 0.269531
0 0.005400 0.610586 0.010801 0.147422
0 0.445063 0.737461 0.028604 0.278047
0 0.801465 0.816133 0.142559 0.367734
6 0.912056 0.604180 0.012432 0.422891
0 0.918525 0.794297 0.075937 0.409531
7 0.957720 0.650234 0.011045 0.306875
0 0.990151 0.624062 0.019697 0.311875
0 0.458853 0.595781 0.015068 0.180156
0 0.470596 0.610703 0.013223 0.079375
0 0.472700 0.615742 0.012021 0.076953
