6 0.408262 0.803438 0.015215 0.371406
7 0.597583 0.580586 0.009326 0.194922
6 0.582241 0.695000 0.011885 0.337656
0 0.005166 0.610742 0.010332 0.211953
0 0.006597 0.590938 0.011182 0.132969
0 0.449517 0.719180 0.025010 0.266328
0 0.862734 0.791719 0.133301 0.416562
6 0.865527 0.655664 0.014941 0.549609
0 0.963003 0.678477 0.034678 0.319609
7 0.981763 0.560781 0.007803 0.159062
0 0.995093 0.586602 0.009814 0.236953
0 0.458853 0.587773 0.015068 0.162734
0 0.486782 0.595859 0.013232 0.079375
0 0.473687 0.603008 0.012021 0.076953
