7 0.065459 0.587070 0.006523 0.157891
0 0.981445 0.528945 0.019023 0.214922
0 0.436567 0.722695 0.021299 0.215234
6 0.541108 0.787148 0.018584 0.425703
6 0.592944 0.601523 0.006846 0.222578
0 0.005171 0.599102 0.010342 0.153672
0 0.372456 0.858711 0.073076 0.282578
0 0.781543 0.813203 0.144102 0.373594
6 0.930259 0.532773 0.009521 0.304297
0 0.915781 0.768516 0.088789 0.461875
7 0.950449 0.685781 0.014453 0.412813
0 0.988335 0.621367 0.023330 0.306484
0 0.458853 0.611992 0.015068 0.177578
0 0.469297 0.621094 0.013223 0.079375
0 0.471821 0.627227 0.012021 0.076953
