6 0.427754 0.799453 0.016484 0.396406
7 0.598013 0.549141 0.007842 0.165313
6 0.590532 0.658438 0.009424 0.302656
0 0.004126 0.629492 0.008252 0.211953
0 0.005400 0.605391 0.010801 0.137031
0 0.449033 0.719531 0.023965 0.257656
0 0.836753 0.802695 0.140244 0.394609
6 0.887251 0.646445 0.014170 0.511641
0 0.945503 0.770625 0.050498 0.458750
7 0.971880 0.591094 0.008779 0.210156
0 0.992544 0.606992 0.014912 0.277734
0 0.458853 0.590820 0.015068 0.169297
0 0.477930 0.599063 0.013223 0.079375
0 0.473311 0.607852 0.012031 0.076953
