7 0.067993 0.577148 0.006533 0.172734
0 0.980444 0.510078 0.021475 0.223750
0 0.431973 0.778633 0.023125 0.233047
0 0.442231 0.693359 0.018174 0.133438
6 0.565933 0.787148 0.018584 0.425703
6 0.595142 0.609531 0.006494 0.217500
0 0.004927 0.567695 0.009854 0.153672
0 0.259111 0.897305 0.093125 0.205391
0 0.802861 0.806289 0.143027 0.387422
6 0.934360 0.518555 0.008740 0.303047
0 0.920322 0.758672 0.076543 0.482031
7 0.952246 0.655742 0.014453 0.404766
0 0.987988 0.608125 0.024023 0.297031
0 0.458101 0.631328 0.015068 0.183438
0 0.468345 0.643984 0.013232 0.079375
0 0.471582 0.630273 0.012031 0.076953
