7 0.071973 0.561602 0.006523 0.195859
1 0.611128 0.600586 0.016416 0.116016
0 0.551577 0.632031 0.007217 0.052031
0 0.983545 0.469727 0.024277 0.220703
0 0.400464 0.836211 0.049502 0.327578
0 0.435566 0.765625 0.018184 0.202187
6 0.624639 0.791094 0.023145 0.415000
6 0.601934 0.666875 0.007305 0.236719
0 0.004360 0.511953 0.008721 0.153750
0 0.078813 0.715625 0.046279 0.368750
0 0.859473 0.779375 0.124023 0.441250
6 0.944004 0.454023 0.007969 0.225859
0 0.935342 0.743125 0.060879 0.513594
7 0.957549 0.593438 0.013145 0.352813
0 0.988154 0.563477 0.023691 0.262266
0 0.454766 0.677070 0.015215 0.209766
0 0.465293 0.685469 0.013223 0.079375
0 0.468545 0.676992 0.012031 0.076953
