6 0.406489 0.803789 0.015107 0.369141
7 0.597642 0.583984 0.009443 0.197656
6 0.581226 0.698789 0.012178 0.341328
0 0.005259 0.609102 0.010518 0.211953
0 0.006890 0.587813 0.011279 0.132969
0 0.449268 0.718594 0.025684 0.265938
0 0.865366 0.790469 0.132139 0.419063
6 0.863091 0.656484 0.015010 0.553125
0 0.964644 0.671133 0.033232 0.308359
7 0.982666 0.558008 0.007715 0.154453
0 0.995327 0.584727 0.009346 0.233203
0 0.458853 0.587461 0.015068 0.162109
0 0.487886 0.596484 0.013232 0.079375
0 0.473716 0.602539 0.012021 0.076953
