7 0.070527 0.567227 0.006523 0.187422
1 0.611563 0.593867 0.014766 0.112734
0 0.982676 0.475313 0.023926 0.232500
0 0.417725 0.843477 0.033887 0.313047
0 0.437988 0.739375 0.018184 0.177188
6 0.597964 0.792188 0.021494 0.415625
6 0.599131 0.647500 0.007090 0.231250
0 0.004619 0.526484 0.009238 0.153750
0 0.115122 0.813086 0.070068 0.365547
0 0.836509 0.789336 0.138975 0.421328
6 0.940376 0.470117 0.008232 0.238828
0 0.929868 0.748789 0.069346 0.502109
7 0.954536 0.622695 0.014189 0.388828
0 0.987988 0.566680 0.024023 0.273672
0 0.456353 0.667930 0.015068 0.203203
0 0.466943 0.681836 0.013223 0.079297
0 0.469746 0.658477 0.012031 0.076953
