0 0.988027 0.552305 0.017070 0.186484
6 0.487261 0.787148 0.018584 0.425703
7 0.616074 0.504180 0.006504 0.138359
6 0.591963 0.606602 0.008672 0.256641
0 0.005400 0.612617 0.010801 0.151484
0 0.440635 0.754297 0.036191 0.299531
0 0.789253 0.822305 0.145791 0.355391
6 0.917197 0.583438 0.011660 0.381719
0 0.912969 0.795352 0.082578 0.407266
7 0.953774 0.680781 0.012451 0.354688
0 0.989663 0.626641 0.020674 0.317031
0 0.458853 0.597695 0.015068 0.184297
0 0.470249 0.613516 0.013232 0.079375
0 0.472466 0.618867 0.012021 0.076953
