6 0.453823 0.791641 0.017881 0.416719
7 0.604492 0.530664 0.006504 0.138359
6 0.591221 0.633555 0.009062 0.280547
0 0.002354 0.651602 0.004707 0.211953
0 0.005400 0.608867 0.010801 0.143984
0 0.447100 0.726602 0.025645 0.261484
0 0.812236 0.811016 0.140234 0.377969
6 0.905869 0.623359 0.013105 0.458125
0 0.927520 0.786406 0.067461 0.425937
7 0.961094 0.624102 0.009844 0.265859
0 0.990571 0.621836 0.018857 0.307422
0 0.458853 0.594102 0.015068 0.176484
0 0.470898 0.608281 0.013223 0.079375
0 0.472905 0.613086 0.012021 0.076953
