7 0.076680 0.580586 0.006523 0.187578
1 0.610063 0.588672 0.021807 0.132969
0 0.537578 0.599063 0.010137 0.064531
0 0.986719 0.541484 0.023672 0.192813
0 0.182778 0.807266 0.123604 0.385469
0 0.404907 0.793867 0.035850 0.351172
0 0.424355 0.658633 0.015254 0.125078
6 0.760288 0.796133 0.023428 0.407734
6 0.621074 0.649687 0.006934 0.232031
0 0.002935 0.572187 0.005869 0.153750
0 0.037769 0.601367 0.017979 0.145391
0 0.916191 0.799531 0.085840 0.400937
6 0.955918 0.533633 0.007051 0.190859
0 0.954565 0.790000 0.038193 0.420000
7 0.967754 0.650273 0.009766 0.265078
0 0.989233 0.619883 0.021533 0.231797
0 0.446138 0.624961 0.016201 0.277266
0 0.458623 0.629531 0.013223 0.079375
0 0.457925 0.623242 0.012021 0.076953
