7 0.070889 0.565820 0.006523 0.189609
1 0.611450 0.595547 0.015186 0.113594
0 0.983076 0.470000 0.024277 0.233750
0 0.413408 0.841680 0.037793 0.316641
0 0.437383 0.745937 0.018184 0.183438
6 0.603428 0.792461 0.021914 0.415078
6 0.599697 0.652891 0.007168 0.233125
0 0.004556 0.522852 0.009111 0.153672
0 0.102119 0.795703 0.061563 0.392031
0 0.842251 0.786836 0.135244 0.426328
6 0.941289 0.466055 0.008164 0.235547
0 0.931235 0.747344 0.067217 0.505000
7 0.955288 0.615391 0.013936 0.379844
0 0.987988 0.560742 0.024023 0.270234
0 0.456099 0.673125 0.015068 0.206094
0 0.466738 0.687266 0.013223 0.079375
0 0.469448 0.663086 0.012021 0.076953
