0 0.991509 0.548750 0.015264 0.170625
6 0.463052 0.788672 0.018350 0.422656
7 0.608057 0.522539 0.006504 0.138359
6 0.591450 0.625273 0.008936 0.273203
0 0.002026 0.655352 0.004053 0.211953
0 0.005400 0.610000 0.010801 0.146250
0 0.445742 0.733828 0.027617 0.272500
0 0.804956 0.814375 0.141631 0.371250
6 0.910591 0.610078 0.012666 0.434687
0 0.921519 0.791719 0.073115 0.415000
7 0.958843 0.641523 0.010635 0.293203
0 0.990288 0.623320 0.019424 0.310391
0 0.458853 0.595234 0.015068 0.178906
0 0.470698 0.609883 0.013232 0.079297
0 0.472769 0.614883 0.012021 0.076953
