0 0.982295 0.545078 0.016914 0.207344
0 0.437417 0.701133 0.021299 0.194922
6 0.524102 0.787148 0.018574 0.425703
6 0.591665 0.604961 0.007471 0.233203
0 0.005264 0.604961 0.010527 0.153672
0 0.410674 0.818633 0.055078 0.362734
0 0.778203 0.817539 0.145020 0.364922
6 0.926738 0.544961 0.010195 0.305391
0 0.914893 0.776992 0.086816 0.444609
7 0.948916 0.711523 0.014453 0.419609
0 0.988755 0.623047 0.022490 0.309844
0 0.458853 0.606445 0.015068 0.181797
0 0.469595 0.618672 0.013232 0.079375
0 0.472026 0.624570 0.012021 0.076953
