6 0.429526 0.799102 0.016611 0.398672
7 0.598315 0.547695 0.007705 0.162578
6 0.590591 0.656367 0.009385 0.300859
0 0.004033 0.631133 0.008066 0.211953
0 0.005400 0.605703 0.010801 0.137656
0 0.448965 0.719531 0.023926 0.256719
0 0.834712 0.803398 0.140244 0.393203
6 0.888960 0.645625 0.014092 0.508281
0 0.944004 0.771914 0.051914 0.456016
7 0.970977 0.593789 0.008867 0.214766
0 0.992310 0.608867 0.015381 0.281484
0 0.458853 0.591055 0.015068 0.169922
0 0.477295 0.599844 0.013223 0.079375
0 0.473276 0.608242 0.012021 0.076953
