0 0.981875 0.536992 0.017969 0.211172
0 0.436987 0.711914 0.021299 0.205078
6 0.532603 0.787148 0.018584 0.425703
6 0.592300 0.603242 0.007158 0.227891
0 0.005220 0.602031 0.010439 0.153750
0 0.396519 0.834883 0.064443 0.330234
0 0.776138 0.815742 0.144561 0.368516
6 0.928496 0.538906 0.009863 0.304844
0 0.915337 0.772773 0.087803 0.453203
7 0.949678 0.698633 0.014453 0.416172
0 0.988545 0.622227 0.022910 0.308203
0 0.458853 0.609219 0.015068 0.179688
0 0.469443 0.619922 0.013223 0.079375
0 0.471924 0.625898 0.012031 0.076953
