6 0.439990 0.796133 0.017188 0.407734
7 0.599819 0.540508 0.007041 0.149141
6 0.590879 0.646016 0.009238 0.291562
0 0.003345 0.640273 0.006689 0.211953
0 0.005400 0.607109 0.010801 0.140469
0 0.448599 0.719375 0.023740 0.252188
0 0.824492 0.806875 0.140234 0.386250
6 0.897515 0.641445 0.013740 0.491016
0 0.936509 0.778516 0.058975 0.442344
7 0.966489 0.607578 0.009307 0.237969
0 0.991152 0.618125 0.017695 0.300000
0 0.458853 0.592461 0.015068 0.172891
0 0.474121 0.603906 0.013223 0.079375
0 0.473110 0.610469 0.012021 0.077031
