7 0.071250 0.564414 0.006523 0.191641
1 0.611343 0.597227 0.015596 0.114297
0 0.553169 0.620430 0.006768 0.050078
0 0.983232 0.469922 0.024277 0.229375
0 0.409092 0.839844 0.041699 0.320312
0 0.436777 0.752500 0.018184 0.189687
6 0.608896 0.792734 0.022324 0.414531
6 0.600269 0.658281 0.007256 0.235156
0 0.004492 0.519219 0.008984 0.153750
0 0.093784 0.790742 0.053057 0.418516
0 0.847993 0.784336 0.131494 0.431328
6 0.942192 0.462031 0.008096 0.232344
0 0.932603 0.745977 0.065107 0.507891
7 0.956045 0.608047 0.013672 0.370781
0 0.987988 0.554805 0.024023 0.266953
0 0.455850 0.678359 0.015059 0.208906
0 0.466260 0.686641 0.013223 0.079375
0 0.469146 0.667695 0.012021 0.076953
