7 0.065098 0.588477 0.006523 0.155859
0 0.981582 0.531602 0.018672 0.213672
0 0.436704 0.719102 0.021299 0.211953
6 0.538267 0.787148 0.018584 0.425703
6 0.592725 0.602109 0.006953 0.224375
0 0.005186 0.600078 0.010371 0.153750
0 0.382124 0.849492 0.070322 0.301016
0 0.778501 0.814180 0.144248 0.371641
6 0.929673 0.534805 0.009639 0.304453
0 0.915635 0.769961 0.088457 0.458984
7 0.950195 0.690078 0.014453 0.413906
0 0.988408 0.621680 0.023184 0.307109
0 0.458853 0.611055 0.015068 0.178359
0 0.469346 0.620703 0.013223 0.079375
0 0.471855 0.626758 0.012031 0.076953
