6 0.435376 0.797656 0.016963 0.404687
7 0.599219 0.543359 0.007305 0.154531
6 0.590762 0.650156 0.009297 0.295313
0 0.003677 0.636445 0.007354 0.211953
0 0.005400 0.606563 0.010801 0.139375
0 0.448740 0.719414 0.023809 0.253984
0 0.828584 0.805469 0.140234 0.389062
6 0.894092 0.643086 0.013887 0.497891
0 0.939512 0.775859 0.056152 0.447812
7 0.968286 0.602070 0.009131 0.228672
0 0.991616 0.614414 0.016768 0.292578
0 0.458853 0.591875 0.015068 0.171719
0 0.475391 0.602266 0.013223 0.079375
0 0.473179 0.609570 0.012021 0.076953
