7 0.066904 0.581406 0.006523 0.166406
0 0.980874 0.518164 0.020420 0.219922
0 0.436001 0.737070 0.021299 0.228828
6 0.555288 0.787148 0.018584 0.425703
6 0.593794 0.599258 0.006436 0.215391
0 0.005054 0.585352 0.010107 0.153672
0 0.326035 0.891094 0.084258 0.217812
0 0.793726 0.809219 0.143486 0.381563
6 0.932603 0.524687 0.009072 0.303594
0 0.918374 0.762891 0.081787 0.473438
7 0.951475 0.668594 0.014453 0.408125
0 0.988057 0.620273 0.023887 0.304297
0 0.458853 0.615664 0.015068 0.174922
0 0.468945 0.627734 0.013223 0.079375
0 0.471685 0.628945 0.012021 0.076953
