7 0.076523 0.602969 0.006523 0.209687
1 0.608867 0.561016 0.021914 0.138906
0 0.530859 0.555352 0.012305 0.068516
0 0.986816 0.590391 0.023066 0.186719
0 0.095259 0.792734 0.061826 0.414531
0 0.371328 0.782031 0.057148 0.435937
0 0.400415 0.685078 0.021826 0.199844
0 0.416724 0.605312 0.015576 0.153438
6 0.812227 0.790625 0.020273 0.418750
6 0.629912 0.616016 0.006934 0.232031
0 0.002285 0.613750 0.004570 0.153750
0 0.029961 0.621094 0.014492 0.101562
0 0.931147 0.816797 0.061709 0.366406
6 0.958018 0.582773 0.006465 0.164141
0 0.962056 0.812617 0.029795 0.374766
7 0.968950 0.676211 0.008467 0.229766
0 0.989648 0.641563 0.020703 0.220000
0 0.439468 0.579648 0.016572 0.300078
0 0.454414 0.574219 0.013223 0.079375
0 0.452310 0.563398 0.012021 0.076953
