6 0.411807 0.802734 0.015449 0.375938
7 0.597466 0.573789 0.009053 0.189609
6 0.584268 0.687422 0.011289 0.330313
0 0.004976 0.614180 0.009951 0.211953
0 0.005996 0.597187 0.010996 0.132969
0 0.449688 0.719766 0.024297 0.265781
0 0.857485 0.794219 0.135615 0.411563
6 0.870400 0.653945 0.014805 0.542734
0 0.959717 0.693125 0.037578 0.342188
7 0.979966 0.566289 0.007979 0.168359
0 0.994629 0.590313 0.010742 0.244375
0 0.458853 0.588281 0.015068 0.163906
0 0.484575 0.594648 0.013232 0.079297
0 0.473618 0.603867 0.012021 0.076953
