6 0.422437 0.800586 0.016143 0.389609
7 0.597114 0.553438 0.008252 0.173437
6 0.590361 0.664687 0.009512 0.308125
0 0.004409 0.624336 0.008818 0.211953
0 0.005400 0.604531 0.010801 0.135313
0 0.449253 0.719609 0.024072 0.260312
0 0.842886 0.800625 0.140244 0.398750
6 0.882119 0.648984 0.014375 0.522031
0 0.950005 0.739961 0.046260 0.413672
7 0.974575 0.582812 0.008506 0.196250
0 0.993237 0.601445 0.013525 0.266641
0 0.458853 0.589961 0.015068 0.167578
0 0.479834 0.596641 0.013223 0.079375
0 0.473413 0.606523 0.012021 0.076953
