7 0.070166 0.568672 0.006523 0.185313
0 0.982285 0.480703 0.023574 0.231250
0 0.420283 0.837656 0.031660 0.294063
0 0.438594 0.732812 0.018184 0.170937
6 0.592490 0.791914 0.021074 0.416172
6 0.598560 0.642070 0.007002 0.229297
0 0.004663 0.532383 0.009326 0.153672
0 0.128135 0.830469 0.078574 0.339063
0 0.830771 0.791836 0.142715 0.416328
6 0.939473 0.474102 0.008301 0.242109
0 0.928501 0.750195 0.071455 0.499297
7 0.953779 0.629961 0.014453 0.397891
0 0.987988 0.572578 0.024023 0.277031
0 0.456602 0.662695 0.015059 0.200391
0 0.467144 0.676406 0.013232 0.079375
0 0.470044 0.653867 0.012021 0.076953
