6 0.444600 0.794648 0.017422 0.410703
7 0.600981 0.537617 0.006768 0.143672
6 0.590991 0.641836 0.009189 0.287891
0 0.003018 0.644023 0.006035 0.211953
0 0.005400 0.607695 0.010801 0.141641
0 0.448452 0.719336 0.023662 0.250391
0 0.820410 0.808242 0.140234 0.383516
6 0.900552 0.637148 0.013564 0.481641
0 0.933511 0.781172 0.061807 0.436875
7 0.964692 0.613086 0.009482 0.247266
0 0.990850 0.620352 0.018301 0.304453
0 0.458853 0.593008 0.015068 0.174141
0 0.472852 0.605469 0.013223 0.079375
0 0.473042 0.611367 0.012021 0.076953
