7 0.073789 0.554453 0.006523 0.206406
1 0.610591 0.608984 0.018467 0.120000
0 0.547324 0.644570 0.008340 0.056797
0 0.984326 0.469297 0.024277 0.198906
0 0.361719 0.836328 0.079492 0.327344
0 0.428403 0.783203 0.019307 0.249219
6 0.668057 0.791680 0.028008 0.414297
6 0.608159 0.676953 0.007119 0.234375
0 0.003970 0.505703 0.007939 0.153750
0 0.056528 0.625430 0.026201 0.228359
0 0.881289 0.779961 0.109336 0.440078
6 0.948447 0.444688 0.007637 0.206406
0 0.942578 0.753867 0.051621 0.492266
7 0.961313 0.579063 0.011846 0.313594
0 0.988569 0.585195 0.022861 0.250547
0 0.452056 0.673867 0.015596 0.211797
0 0.462881 0.682422 0.013223 0.079375
0 0.465898 0.684258 0.012031 0.076953
