6 0.394087 0.806328 0.014287 0.353281
7 0.599453 0.631797 0.010391 0.207813
6 0.574121 0.725273 0.014258 0.367109
0 0.005918 0.597148 0.011836 0.211953
0 0.008984 0.566016 0.011953 0.132969
0 0.449507 0.711484 0.026494 0.257656
0 0.883765 0.781758 0.124053 0.436484
6 0.846035 0.662344 0.015508 0.577187
0 0.976143 0.619844 0.023066 0.229375
7 0.988950 0.538750 0.007100 0.121875
0 0.996948 0.571758 0.006104 0.207266
0 0.458853 0.585508 0.015068 0.157891
0 0.495601 0.600664 0.013232 0.079297
0 0.473955 0.599492 0.012031 0.076953
