7 0.066182 0.584258 0.006523 0.162109
0 0.981157 0.523555 0.019717 0.217422
0 0.436284 0.729883 0.021299 0.222109
6 0.548198 0.787148 0.018584 0.425703
6 0.593369 0.600391 0.006641 0.218906
0 0.005142 0.597148 0.010283 0.153672
0 0.353115 0.877188 0.078555 0.245625
0 0.787637 0.811211 0.143789 0.377578
6 0.931426 0.528711 0.009297 0.303984
0 0.917080 0.765703 0.085293 0.467656
7 0.950967 0.677188 0.014453 0.410469
0 0.988198 0.620820 0.023604 0.305391
0 0.458853 0.613828 0.015068 0.176250
0 0.469194 0.621875 0.013232 0.079375
0 0.471753 0.628086 0.012021 0.076953
