6 0.437686 0.796875 0.017070 0.406250
7 0.599517 0.541914 0.007178 0.151797
6 0.590820 0.648047 0.009277 0.293438
0 0.003511 0.638320 0.007021 0.211953
0 0.005400 0.606836 0.010801 0.139922
0 0.448672 0.719414 0.023770 0.253047
0 0.826538 0.806172 0.140244 0.387656
6 0.895806 0.642305 0.013818 0.494453
0 0.938013 0.777187 0.057568 0.445156
7 0.967383 0.604805 0.009219 0.233359
0 0.991382 0.616289 0.017236 0.296328
0 0.458853 0.592187 0.015068 0.172344
0 0.474756 0.603047 0.013223 0.079375
0 0.473140 0.610039 0.012021 0.076953
