7 0.068716 0.574336 0.006533 0.176953
0 0.980698 0.502070 0.022178 0.226172
0 0.429292 0.806328 0.024346 0.235781
0 0.441016 0.706484 0.018184 0.145937
6 0.573745 0.789258 0.019404 0.421484
6 0.596279 0.620352 0.006660 0.221484
0 0.004839 0.555937 0.009678 0.153750
0 0.207100 0.888281 0.099023 0.223437
0 0.808955 0.804297 0.142715 0.391406
6 0.935850 0.506914 0.008555 0.288516
0 0.923413 0.755820 0.076631 0.487734
7 0.952754 0.647148 0.014453 0.402422
0 0.987988 0.596289 0.024023 0.290391
0 0.457603 0.641797 0.015068 0.189063
0 0.467944 0.654766 0.013232 0.079375
0 0.471250 0.635352 0.012031 0.076953
