7 0.076655 0.599375 0.006533 0.202500
1 0.609106 0.566562 0.021885 0.137656
0 0.533257 0.563438 0.011025 0.068438
0 0.986865 0.580781 0.023066 0.186719
0 0.109629 0.797578 0.071172 0.404844
0 0.379766 0.785273 0.052129 0.418984
0 0.404312 0.690273 0.021826 0.181172
0 0.418247 0.615977 0.015518 0.147734
6 0.801841 0.791719 0.020908 0.416562
6 0.628203 0.620820 0.006934 0.231953
0 0.002412 0.605469 0.004824 0.153750
0 0.031523 0.617148 0.015195 0.110391
0 0.928501 0.813672 0.067002 0.372656
6 0.957598 0.572930 0.006582 0.169453
0 0.960562 0.808086 0.031475 0.383828
7 0.968735 0.669453 0.008721 0.237031
0 0.989565 0.637266 0.020869 0.222344
0 0.440801 0.588711 0.016504 0.295547
0 0.455254 0.585273 0.013223 0.079297
0 0.453433 0.575352 0.012021 0.076953
