0 0.989961 0.550352 0.016055 0.177734
6 0.473091 0.787148 0.018584 0.425703
7 0.611621 0.514336 0.006504 0.138359
6 0.591680 0.616953 0.008828 0.265781
0 0.005400 0.611172 0.010801 0.148594
0 0.444424 0.741836 0.029531 0.276797
0 0.797979 0.817891 0.143477 0.364219
6 0.913521 0.598242 0.012217 0.411172
0 0.915522 0.796953 0.078760 0.404062
7 0.956592 0.659023 0.011445 0.320547
0 0.990010 0.624805 0.019980 0.313359
0 0.458853 0.596328 0.015068 0.181250
0 0.470498 0.611484 0.013223 0.079375
0 0.472632 0.616602 0.012021 0.076953
