0 0.992671 0.547617 0.014658 0.165391
6 0.456133 0.790898 0.018008 0.418203
7 0.605381 0.528633 0.006504 0.138359
6 0.591274 0.631484 0.009033 0.278750
0 0.002188 0.653477 0.004375 0.211953
0 0.005400 0.609141 0.010801 0.144531
0 0.446758 0.728438 0.026133 0.264219
0 0.810190 0.811719 0.140244 0.376563
6 0.907197 0.619922 0.013008 0.452344
0 0.926016 0.787734 0.068867 0.423281
7 0.960532 0.628477 0.010049 0.272734
0 0.990498 0.622227 0.019004 0.308203
0 0.458853 0.594414 0.015068 0.177109
0 0.470850 0.608672 0.013223 0.079375
0 0.472871 0.613555 0.012031 0.076953
