6 0.395854 0.805977 0.014404 0.355547
7 0.599194 0.624961 0.010264 0.206328
6 0.575137 0.721523 0.013965 0.363359
0 0.005825 0.598867 0.011650 0.211953
0 0.008682 0.569141 0.011855 0.132969
0 0.449595 0.707266 0.026123 0.248438
0 0.881133 0.783008 0.125215 0.433984
6 0.848472 0.661484 0.015439 0.573750
0 0.974502 0.627188 0.024512 0.240625
7 0.988057 0.541484 0.007188 0.126562
0 0.996719 0.573594 0.006563 0.210938
0 0.458853 0.585820 0.015068 0.158516
0 0.494497 0.600078 0.013232 0.079375
0 0.473921 0.599883 0.012021 0.076953
