6 0.399399 0.805273 0.014639 0.360078
7 0.598677 0.611328 0.009990 0.203437
6 0.577163 0.713945 0.013369 0.356016
0 0.005635 0.602227 0.011270 0.211953
0 0.008086 0.575352 0.011660 0.133047
0 0.449609 0.706172 0.025742 0.244531
0 0.875879 0.785508 0.127520 0.428984
6 0.853345 0.659844 0.015303 0.566875
0 0.971221 0.641836 0.027422 0.263203
7 0.986260 0.546992 0.007363 0.135859
0 0.996255 0.577305 0.007490 0.218359
0 0.458853 0.586367 0.015068 0.159766
0 0.492295 0.598828 0.013223 0.079375
0 0.473853 0.600781 0.012021 0.077031
