6 0.449214 0.793164 0.017646 0.413672
7 0.602705 0.534727 0.006504 0.138359
6 0.591104 0.637695 0.009121 0.284297
0 0.002686 0.647773 0.005371 0.211953
0 0.005400 0.608281 0.010801 0.142813
0 0.447773 0.722969 0.024648 0.255938
0 0.816318 0.809648 0.140234 0.380703
6 0.903213 0.630273 0.013340 0.469922
0 0.930518 0.783789 0.064629 0.431484
7 0.962891 0.618594 0.009668 0.256562
0 0.990708 0.621094 0.018584 0.305937
0 0.458853 0.593594 0.015068 0.175312
0 0.471582 0.607109 0.013223 0.079375
0 0.472974 0.612227 0.012021 0.076953
