0 0.991895 0.548398 0.015059 0.168828
6 0.460747 0.789414 0.018232 0.421172
7 0.607158 0.524570 0.006504 0.138359
6 0.591392 0.627344 0.008975 0.275000
0 0.002026 0.655352 0.004053 0.211953
0 0.005400 0.609727 0.010801 0.145703
0 0.446079 0.732031 0.027119 0.269687
0 0.806704 0.813477 0.141162 0.373047
6 0.909854 0.613008 0.012773 0.440547
0 0.923018 0.790352 0.071699 0.417734
7 0.959409 0.637188 0.010439 0.286406
0 0.990361 0.622969 0.019277 0.309688
0 0.458853 0.594922 0.015068 0.178281
0 0.470747 0.609453 0.013232 0.079375
0 0.472803 0.614414 0.012031 0.076953
