7 0.065820 0.585664 0.006523 0.160078
0 0.981299 0.526211 0.019375 0.216172
0 0.436421 0.726289 0.021299 0.218672
6 0.544653 0.787148 0.018584 0.425703
6 0.593154 0.600977 0.006738 0.220703
0 0.005156 0.598125 0.010313 0.153750
0 0.362788 0.867930 0.075811 0.264141
0 0.784590 0.812188 0.143945 0.375625
6 0.930840 0.530742 0.009414 0.304141
0 0.916431 0.767148 0.087041 0.464766
7 0.950703 0.681484 0.014453 0.411562
0 0.988267 0.621094 0.023467 0.305937
0 0.458853 0.612930 0.015068 0.176953
0 0.469243 0.621484 0.013232 0.079375
0 0.471787 0.627617 0.012031 0.076953
