6 0.413579 0.802383 0.015557 0.378203
7 0.597407 0.570391 0.008916 0.186875
6 0.585283 0.683594 0.010996 0.326563
0 0.004883 0.615898 0.009766 0.211953
0 0.005703 0.600273 0.010898 0.133047
0 0.449619 0.719766 0.024258 0.264844
0 0.854854 0.795469 0.136777 0.409062
6 0.872837 0.653164 0.014736 0.539297
0 0.958076 0.700469 0.039043 0.353437
7 0.979067 0.569063 0.008076 0.172969
0 0.994399 0.592148 0.011201 0.248047
0 0.458853 0.588594 0.015068 0.164531
0 0.483477 0.594062 0.013223 0.079375
0 0.473579 0.604336 0.012021 0.076953
