6 0.402944 0.804570 0.014873 0.364609
7 0.598159 0.597617 0.009717 0.200547
6 0.579199 0.706367 0.012773 0.348672
0 0.005449 0.605664 0.010898 0.211953
0 0.007490 0.581562 0.011465 0.132969
0 0.449438 0.712383 0.025713 0.255234
0 0.870620 0.788008 0.129834 0.423984
6 0.858218 0.658164 0.015166 0.559922
0 0.967935 0.656484 0.030322 0.285781
7 0.984463 0.552500 0.007539 0.145156
0 0.995791 0.581016 0.008418 0.225781
0 0.458853 0.586914 0.015068 0.160859
0 0.490088 0.597656 0.013223 0.079375
0 0.473784 0.601680 0.012021 0.076953
