0 0.989575 0.550742 0.016260 0.179453
6 0.475923 0.787148 0.018584 0.425703
7 0.612510 0.512305 0.006504 0.138359
6 0.591733 0.614883 0.008799 0.263984
0 0.005400 0.611445 0.010801 0.149141
0 0.444111 0.744336 0.029961 0.272734
0 0.796230 0.818789 0.143945 0.362422
6 0.914258 0.595273 0.012109 0.405234
0 0.914023 0.798242 0.080176 0.401328
7 0.956025 0.663359 0.011641 0.327344
0 0.989941 0.625156 0.020117 0.314063
0 0.458853 0.596641 0.015068 0.181875
0 0.470449 0.611875 0.013223 0.079375
0 0.472603 0.617070 0.012021 0.076953
