7 0.075234 0.548828 0.006523 0.214844
1 0.611025 0.610781 0.021719 0.128125
0 0.543608 0.634648 0.009229 0.060703
0 0.986260 0.488516 0.024277 0.198906
0 0.285586 0.819141 0.115898 0.361719
0 0.419526 0.794219 0.025068 0.290000
6 0.712388 0.800547 0.025967 0.398906
6 0.614014 0.678203 0.006973 0.232500
0 0.003452 0.538945 0.006904 0.153672
0 0.044009 0.585547 0.020771 0.180469
0 0.898735 0.780469 0.097588 0.439063
6 0.951729 0.471719 0.007363 0.180781
0 0.948574 0.771953 0.044902 0.456094
7 0.964326 0.594258 0.010801 0.289297
0 0.988901 0.602539 0.022197 0.241172
0 0.449893 0.653359 0.015898 0.249375
0 0.460952 0.680039 0.013232 0.079297
0 0.462412 0.671133 0.012031 0.076953
