0 0.990352 0.549961 0.015859 0.175859
6 0.470259 0.787148 0.018584 0.425703
7 0.610723 0.516406 0.006504 0.138281
6 0.591621 0.619023 0.008848 0.267734
0 0.005400 0.610859 0.010801 0.147969
0 0.444727 0.739297 0.029102 0.280781
0 0.799722 0.817031 0.143018 0.365938
6 0.912793 0.601172 0.012324 0.417031
0 0.917021 0.795664 0.077344 0.406797
7 0.957153 0.654648 0.011240 0.313672
0 0.990083 0.624414 0.019834 0.312578
0 0.458853 0.596055 0.015068 0.180703
0 0.470547 0.611094 0.013223 0.079375
0 0.472666 0.616211 0.012031 0.076953
