0 0.987637 0.552695 0.017266 0.188203
6 0.490093 0.787148 0.018584 0.425703
7 0.616963 0.502148 0.006504 0.138359
6 0.592021 0.604492 0.008652 0.254766
0 0.005400 0.612891 0.010801 0.152031
0 0.439575 0.756797 0.038135 0.309844
0 0.787505 0.823203 0.146260 0.353594
6 0.917930 0.580469 0.011543 0.375937
0 0.913120 0.793945 0.082900 0.410078
7 0.953213 0.685156 0.012656 0.361563
0 0.989595 0.626367 0.020811 0.316484
0 0.458853 0.598008 0.015068 0.184922
0 0.470195 0.613906 0.013223 0.079375
0 0.472432 0.619258 0.012031 0.076953
