7 0.077041 0.588516 0.006523 0.180781
1 0.609829 0.583164 0.021826 0.134141
0 0.536499 0.590156 0.010361 0.065469
0 0.987021 0.551953 0.023066 0.186719
0 0.161357 0.807266 0.108301 0.385469
0 0.400776 0.792813 0.038955 0.368125
0 0.422827 0.648008 0.015322 0.130703
6 0.770679 0.795039 0.022803 0.409922
6 0.622935 0.640039 0.006924 0.231953
0 0.002803 0.580508 0.005605 0.153672
0 0.036206 0.605273 0.017275 0.136641
0 0.920552 0.804297 0.082900 0.391406
6 0.956338 0.543438 0.006934 0.185469
0 0.956060 0.794531 0.036514 0.410937
7 0.968091 0.649258 0.009502 0.258984
0 0.989316 0.624219 0.021367 0.229375
0 0.444805 0.615898 0.016270 0.281797
0 0.457783 0.618437 0.013223 0.079375
0 0.456802 0.611289 0.012021 0.076953
