0 0.491235 0.856641 0.033076 0.271406
0 0.494595 0.702773 0.024971 0.187578
0 0.545083 0.624844 0.024033 0.174375
0 0.576489 0.651289 0.020576 0.092266
0 0.602759 0.647383 0.018115 0.094297
0 0.628901 0.643984 0.015713 0.083594
0 0.038599 0.579961 0.009170 0.065234
0 0.057559 0.559492 0.009023 0.086016
0 0.130771 0.603711 0.025098 0.129297
7 0.030630 0.602461 0.005186 0.092891
6 0.089053 0.592344 0.005645 0.149688
7 0.348003 0.523438 0.007236 0.117813
7 0.493037 0.632422 0.007070 0.148906
6 0.473359 0.627148 0.004980 0.101328
6 0.477407 0.620391 0.004111 0.095938
