6 0.069048 0.543320 0.004053 0.095078
7 0.965000 0.763398 0.012031 0.418516
7 0.979761 0.584766 0.005615 0.147187
7 0.973594 0.563828 0.004629 0.151094
0 0.493779 0.862539 0.032285 0.260859
0 0.503027 0.778711 0.028711 0.190234
0 0.499541 0.654727 0.027578 0.242109
0 0.538994 0.673945 0.019805 0.108828
0 0.588608 0.671680 0.020264 0.110234
0 0.631733 0.656133 0.017139 0.116328
0 0.188833 0.576523 0.014229 0.099453
0 0.061392 0.557500 0.009014 0.085938
0 0.126968 0.592578 0.022100 0.133594
6 0.054683 0.539609 0.003994 0.098750
7 0.251792 0.550547 0.005010 0.068437
7 0.383638 0.499570 0.005752 0.082891
6 0.516328 0.651172 0.004980 0.111563
6 0.523311 0.644570 0.005293 0.108672
