0 0.492007 0.861328 0.034365 0.267187
0 0.495728 0.711211 0.025771 0.187891
0 0.547158 0.625156 0.024199 0.174375
0 0.578936 0.654844 0.020488 0.093906
0 0.606714 0.647383 0.018115 0.094297
0 0.630854 0.645898 0.015713 0.086328
0 0.039404 0.581094 0.009160 0.065156
0 0.058184 0.559023 0.009023 0.086016
0 0.130283 0.603711 0.024121 0.129297
7 0.030796 0.602305 0.005537 0.096484
6 0.087285 0.589727 0.005645 0.145547
7 0.341899 0.528711 0.006221 0.117734
7 0.487119 0.635273 0.007070 0.156016
6 0.476548 0.622578 0.004971 0.101406
6 0.479688 0.622734 0.004102 0.096719
