0 0.493574 0.869414 0.036523 0.259922
0 0.499546 0.742148 0.028057 0.188984
0 0.554487 0.626758 0.024795 0.174297
0 0.587905 0.667930 0.020186 0.099453
0 0.615103 0.654492 0.018115 0.094297
0 0.637622 0.652422 0.015713 0.096562
0 0.041626 0.585781 0.009170 0.065156
0 0.060381 0.557500 0.009023 0.085938
0 0.128545 0.598437 0.022832 0.131406
7 0.031382 0.601758 0.006846 0.109922
6 0.080806 0.580273 0.005654 0.130078
7 0.326509 0.525039 0.006221 0.116641
7 0.464678 0.638750 0.007070 0.172500
6 0.484644 0.633437 0.004971 0.101406
6 0.488062 0.631133 0.004111 0.099609
