7 0.008618 0.578906 0.006357 0.178750
6 0.073306 0.565156 0.004053 0.095156
0 0.493691 0.861836 0.034121 0.267891
0 0.503027 0.778711 0.028711 0.190234
0 0.550942 0.643047 0.026904 0.183438
0 0.590210 0.667461 0.019365 0.114766
0 0.617759 0.656719 0.019600 0.105313
0 0.640571 0.654453 0.016123 0.102031
0 0.061030 0.588086 0.017861 0.127422
0 0.061392 0.557500 0.009014 0.085938
0 0.126968 0.592578 0.022100 0.133594
7 0.018364 0.619453 0.008506 0.136094
6 0.066362 0.561367 0.005654 0.127266
7 0.292422 0.542344 0.005000 0.068437
7 0.411030 0.564453 0.006494 0.107031
6 0.499141 0.638242 0.004980 0.108516
6 0.504766 0.638398 0.004277 0.103047
