6 0.080083 0.572383 0.004834 0.100078
0 0.493618 0.866406 0.035557 0.263125
0 0.502759 0.775937 0.028662 0.190156
0 0.557876 0.634805 0.025439 0.174297
0 0.591299 0.667305 0.019863 0.105547
0 0.617266 0.656797 0.018613 0.097969
0 0.640415 0.654453 0.015811 0.102031
0 0.044771 0.587578 0.009170 0.065156
0 0.061392 0.557500 0.009014 0.085938
0 0.126968 0.592578 0.022100 0.133594
7 0.029507 0.601133 0.008271 0.124453
6 0.074214 0.581406 0.005654 0.127188
7 0.314897 0.530117 0.006221 0.102578
7 0.439507 0.622188 0.006846 0.155625
6 0.491406 0.646211 0.004980 0.109141
6 0.496284 0.638047 0.004111 0.102031
