6 0.080645 0.573672 0.005020 0.101094
0 0.493613 0.866914 0.035723 0.262578
0 0.502222 0.770273 0.028564 0.189922
0 0.557832 0.633398 0.025332 0.174297
0 0.591089 0.667266 0.019912 0.104531
0 0.617207 0.656797 0.018496 0.097188
0 0.640400 0.654453 0.015781 0.102031
0 0.043970 0.587969 0.009170 0.065156
0 0.061392 0.557500 0.009014 0.085938
0 0.126968 0.592578 0.022100 0.133594
7 0.030239 0.601250 0.008037 0.122031
6 0.076099 0.578555 0.005654 0.127266
7 0.316836 0.529258 0.006211 0.104922
7 0.443457 0.627344 0.006953 0.164062
6 0.490605 0.645469 0.004980 0.109375
6 0.495366 0.638047 0.004111 0.102031
