6 0.069048 0.543320 0.004053 0.095078
7 0.981431 0.719531 0.010967 0.370312
7 0.975845 0.578984 0.005225 0.147188
7 0.966641 0.564492 0.004629 0.151172
0 0.493779 0.859492 0.032285 0.266953
0 0.503027 0.778711 0.028711 0.190234
0 0.511274 0.644102 0.026182 0.213359
0 0.552671 0.673477 0.018838 0.108828
0 0.601982 0.667695 0.020273 0.110234
0 0.637969 0.653555 0.016934 0.113203
0 0.167139 0.590781 0.016895 0.111250
0 0.061392 0.557500 0.009014 0.085938
0 0.126968 0.592578 0.022100 0.133594
6 0.055122 0.543672 0.004385 0.104219
7 0.256465 0.558477 0.005000 0.068516
7 0.387319 0.508594 0.005947 0.088906
6 0.513164 0.648789 0.004980 0.111016
6 0.520190 0.643125 0.005283 0.108594
