6 0.069048 0.543320 0.004053 0.095078
7 0.994321 0.658906 0.008604 0.333750
7 0.971772 0.568438 0.005166 0.147188
0 0.493779 0.856016 0.032285 0.273906
0 0.503027 0.778711 0.028711 0.190234
0 0.525181 0.640898 0.026885 0.198516
0 0.569526 0.669102 0.018838 0.118203
0 0.610713 0.662109 0.020273 0.110313
0 0.640752 0.652969 0.016699 0.109687
0 0.135527 0.597500 0.026797 0.124531
0 0.061392 0.557500 0.009014 0.085938
0 0.126968 0.592578 0.022100 0.133594
6 0.056074 0.548945 0.004824 0.111797
7 0.264688 0.548359 0.005000 0.068437
7 0.392148 0.520898 0.006152 0.095859
6 0.509546 0.646055 0.004971 0.110391
6 0.516631 0.641484 0.005293 0.108594
