7 0.005649 0.583086 0.006357 0.189453
6 0.071938 0.565820 0.004053 0.095078
0 0.493706 0.860820 0.033799 0.268828
0 0.503027 0.778711 0.028711 0.190234
0 0.548096 0.644102 0.027324 0.187109
0 0.588979 0.666250 0.019248 0.116875
0 0.617871 0.656719 0.019824 0.107031
0 0.640605 0.654453 0.016191 0.102031
0 0.070200 0.594375 0.020146 0.140313
0 0.061392 0.557500 0.009014 0.085938
0 0.126968 0.592578 0.022100 0.133594
7 0.015698 0.631914 0.008506 0.143516
6 0.064692 0.557227 0.005654 0.127266
7 0.287598 0.543359 0.005000 0.068438
7 0.406611 0.555000 0.006504 0.107031
6 0.500952 0.639609 0.004971 0.108750
6 0.506929 0.638828 0.004521 0.104375
