0 0.493579 0.868906 0.036357 0.260469
0 0.500078 0.747773 0.028164 0.189141
0 0.555312 0.628086 0.024902 0.174297
0 0.589541 0.670313 0.020137 0.100469
0 0.616377 0.656055 0.018125 0.094297
0 0.638540 0.653086 0.015713 0.098359
0 0.041870 0.586758 0.009170 0.065234
0 0.060635 0.557500 0.009023 0.085938
0 0.128232 0.597266 0.022676 0.131719
7 0.031494 0.601641 0.007090 0.112344
6 0.079634 0.578555 0.005654 0.127266
7 0.324575 0.525859 0.006221 0.114219
7 0.460356 0.637188 0.007061 0.172500
6 0.486089 0.640273 0.004971 0.101328
6 0.489580 0.632656 0.004102 0.100156
