6 0.069048 0.543320 0.004053 0.095078
7 0.901855 0.808086 0.033594 0.383828
7 0.982729 0.576602 0.004912 0.147266
0 0.493779 0.867344 0.032285 0.251250
0 0.503027 0.778711 0.028711 0.190234
0 0.481094 0.671367 0.029766 0.287266
0 0.517314 0.669219 0.018555 0.109844
0 0.568770 0.671211 0.021660 0.110234
0 0.617920 0.662109 0.019824 0.114844
0 0.214316 0.568320 0.011875 0.078359
0 0.061392 0.557500 0.009014 0.085938
0 0.126968 0.592578 0.022100 0.133594
6 0.055220 0.535742 0.003779 0.095703
7 0.378486 0.487383 0.005469 0.073359
6 0.522793 0.655273 0.004980 0.109922
6 0.530098 0.642500 0.005293 0.108594
