7 0.002188 0.581406 0.004375 0.189375
6 0.070581 0.566523 0.004053 0.095078
0 0.493721 0.859805 0.033477 0.269922
0 0.503027 0.778711 0.028711 0.190234
0 0.545254 0.645156 0.027754 0.190625
0 0.585713 0.666641 0.019141 0.118906
0 0.617979 0.656719 0.020039 0.108594
0 0.640635 0.654258 0.016270 0.102891
0 0.082808 0.600195 0.020146 0.134609
0 0.061392 0.557500 0.009014 0.085938
0 0.126968 0.592578 0.022100 0.133594
7 0.012583 0.632461 0.008506 0.178516
6 0.063022 0.553125 0.005654 0.127188
7 0.282773 0.544453 0.005000 0.068437
7 0.402197 0.545547 0.006504 0.107031
6 0.502759 0.640977 0.004971 0.109141
6 0.509092 0.639258 0.004766 0.105703
