0 0.493550 0.870703 0.036924 0.258594
0 0.497988 0.728047 0.027383 0.188438
0 0.551313 0.625742 0.024521 0.174297
0 0.583833 0.661992 0.020322 0.096953
0 0.611909 0.650547 0.018115 0.094219
0 0.634751 0.649805 0.015713 0.091953
0 0.041006 0.583281 0.009160 0.065156
0 0.059429 0.558086 0.009014 0.086016
0 0.129336 0.601367 0.023184 0.130234
7 0.031113 0.601992 0.006250 0.103828
6 0.083755 0.584570 0.005654 0.137109
7 0.332690 0.525937 0.006221 0.117812
7 0.475283 0.640938 0.007070 0.170156
6 0.480894 0.626641 0.004971 0.101406
6 0.484253 0.627305 0.004111 0.098359
