6 0.069048 0.543320 0.004053 0.095078
7 0.964985 0.569727 0.005166 0.143359
0 0.493755 0.857812 0.032842 0.272031
0 0.503027 0.778711 0.028711 0.190234
0 0.535483 0.641172 0.028584 0.197969
0 0.579014 0.670000 0.018926 0.122969
0 0.615576 0.658555 0.020273 0.110234
0 0.640693 0.653555 0.016504 0.106484
0 0.111860 0.606641 0.021084 0.124531
0 0.061392 0.557500 0.009014 0.085938
0 0.126968 0.592578 0.022100 0.133594
7 0.004932 0.640859 0.007422 0.231094
6 0.058960 0.552148 0.005205 0.119766
7 0.273125 0.546523 0.005000 0.068516
7 0.396372 0.531641 0.006338 0.101875
6 0.506377 0.643711 0.004980 0.109766
6 0.513418 0.640117 0.005234 0.108359
