6 0.081763 0.576289 0.005361 0.103359
0 0.493594 0.867930 0.036035 0.261484
0 0.501152 0.759023 0.028359 0.189609
0 0.556963 0.630703 0.025117 0.174375
0 0.590313 0.668789 0.020020 0.102578
0 0.617100 0.656797 0.018281 0.095469
0 0.640366 0.654453 0.015713 0.102031
0 0.042363 0.588750 0.009160 0.065156
0 0.061138 0.557500 0.009014 0.085938
0 0.127603 0.594922 0.022393 0.132656
7 0.031709 0.601406 0.007559 0.117188
6 0.077515 0.578555 0.005654 0.127266
7 0.320703 0.527578 0.006211 0.109531
7 0.451724 0.634023 0.007061 0.172422
6 0.488271 0.637070 0.004980 0.107734
6 0.492627 0.635742 0.004102 0.101172
