6 0.069048 0.543320 0.004053 0.095078
7 0.968037 0.753984 0.013164 0.423281
7 0.979194 0.587383 0.005615 0.147266
7 0.972856 0.564492 0.004619 0.151172
0 0.493779 0.862109 0.032285 0.261719
0 0.503027 0.778711 0.028711 0.190234
0 0.501216 0.653203 0.027373 0.237969
0 0.541060 0.674531 0.019561 0.108750
0 0.590522 0.671133 0.020264 0.110234
0 0.632759 0.655664 0.017100 0.115859
0 0.185786 0.578672 0.014443 0.101406
0 0.061392 0.557500 0.009014 0.085938
0 0.126968 0.592578 0.022100 0.133594
6 0.054741 0.540234 0.004053 0.099531
7 0.252090 0.554102 0.005000 0.068516
7 0.384102 0.500625 0.005781 0.083750
6 0.515874 0.650859 0.004971 0.111563
6 0.522866 0.644375 0.005283 0.108594
