6 0.069048 0.543320 0.004053 0.095078
7 0.988550 0.698398 0.009229 0.352422
7 0.974546 0.561875 0.005166 0.147188
7 0.962905 0.565312 0.005752 0.151094
0 0.493779 0.857773 0.032285 0.270391
0 0.503027 0.778711 0.028711 0.190234
0 0.518081 0.639883 0.025850 0.200547
0 0.560923 0.670039 0.018838 0.111953
0 0.606348 0.664883 0.020273 0.110234
0 0.640215 0.652891 0.016816 0.111406
0 0.154214 0.597656 0.020088 0.115625
0 0.061392 0.557500 0.009014 0.085938
0 0.126968 0.592578 0.022100 0.133594
6 0.055376 0.545937 0.004600 0.107344
7 0.259863 0.557656 0.005000 0.068438
7 0.389731 0.514727 0.006045 0.092422
6 0.511353 0.647461 0.004971 0.110703
6 0.518413 0.642266 0.005283 0.108594
