7 0.005229 0.582500 0.006357 0.189375
6 0.071602 0.565977 0.004063 0.095078
0 0.493706 0.860586 0.033721 0.269141
0 0.503027 0.778711 0.028711 0.190234
0 0.547388 0.644375 0.027432 0.187969
0 0.588164 0.666328 0.019219 0.117344
0 0.617896 0.656719 0.019873 0.107344
0 0.640610 0.654453 0.016201 0.102031
0 0.073354 0.595820 0.020146 0.138828
0 0.061392 0.557500 0.009014 0.085938
0 0.126968 0.592578 0.022100 0.133594
7 0.014917 0.632070 0.008506 0.152266
6 0.064282 0.556211 0.005654 0.127266
7 0.286396 0.543633 0.005000 0.068516
7 0.405508 0.552656 0.006504 0.107031
6 0.501406 0.639922 0.004980 0.108906
6 0.507466 0.638906 0.004580 0.104688
