6 0.069048 0.543320 0.004053 0.095078
7 0.989995 0.688555 0.009072 0.347734
7 0.973853 0.563516 0.005166 0.147187
7 0.962041 0.565781 0.006133 0.151094
0 0.493779 0.857344 0.032285 0.271250
0 0.503027 0.778711 0.028711 0.190234
0 0.519858 0.640117 0.026104 0.200078
0 0.563237 0.669258 0.018838 0.113516
0 0.607437 0.664180 0.020264 0.110234
0 0.640776 0.652734 0.016787 0.110938
0 0.149307 0.596953 0.021621 0.118594
0 0.061392 0.557500 0.009014 0.085938
0 0.126968 0.592578 0.022100 0.133594
6 0.055444 0.546562 0.004658 0.108125
7 0.261074 0.554648 0.005000 0.068516
7 0.390337 0.516250 0.006084 0.093281
6 0.510898 0.647109 0.004980 0.110625
6 0.517964 0.642109 0.005283 0.108594
