6 0.070068 0.558789 0.004062 0.095078
0 0.493730 0.859297 0.033320 0.270469
0 0.503027 0.778711 0.028711 0.190234
0 0.543833 0.645703 0.027959 0.192500
0 0.584077 0.666836 0.019092 0.119922
0 0.618037 0.656680 0.020156 0.109453
0 0.640649 0.654102 0.016338 0.103828
0 0.089116 0.603086 0.020146 0.131641
0 0.061392 0.557500 0.009014 0.085938
0 0.126968 0.592578 0.022100 0.133594
7 0.011030 0.632773 0.008506 0.196016
6 0.062007 0.552852 0.005537 0.125391
7 0.280361 0.544961 0.005000 0.068516
7 0.399990 0.540859 0.006504 0.107031
6 0.503667 0.641680 0.004971 0.109297
6 0.510171 0.639492 0.004873 0.106328
