6 0.069048 0.543320 0.004053 0.095078
7 0.976724 0.747656 0.010967 0.426562
7 0.976958 0.581797 0.005361 0.147188
7 0.968931 0.565781 0.004619 0.151094
0 0.493779 0.860391 0.032285 0.265156
0 0.503027 0.778711 0.028711 0.190234
0 0.507920 0.647148 0.026582 0.221641
0 0.549058 0.675352 0.018838 0.108828
0 0.598159 0.668828 0.020264 0.110313
0 0.636846 0.653906 0.016992 0.114062
0 0.173604 0.587344 0.015293 0.109062
0 0.061392 0.557500 0.009014 0.085938
0 0.126968 0.592578 0.022100 0.133594
6 0.054995 0.542500 0.004268 0.102656
7 0.255010 0.557031 0.005000 0.068438
7 0.386113 0.505508 0.005898 0.087266
6 0.514067 0.649492 0.004971 0.111172
6 0.521084 0.643516 0.005293 0.108594
