6 0.080366 0.573047 0.004932 0.100625
0 0.493613 0.866641 0.035645 0.262813
0 0.502490 0.773086 0.028613 0.190078
0 0.557856 0.634102 0.025381 0.174297
0 0.591279 0.666836 0.019883 0.105078
0 0.617236 0.656797 0.018555 0.097500
0 0.640410 0.654453 0.015801 0.102031
0 0.044370 0.587812 0.009170 0.065156
0 0.061392 0.557500 0.009014 0.085938
0 0.126968 0.592578 0.022100 0.133594
7 0.029873 0.601172 0.008145 0.123281
6 0.075156 0.579961 0.005645 0.127266
7 0.315869 0.529687 0.006211 0.103750
7 0.441484 0.624766 0.006895 0.159844
6 0.491201 0.648555 0.004980 0.109297
6 0.495825 0.638047 0.004111 0.102031
