7 0.016743 0.568633 0.006357 0.146953
6 0.078403 0.568477 0.004307 0.096797
0 0.493643 0.864883 0.035078 0.264609
0 0.503027 0.778711 0.028711 0.190234
0 0.558008 0.638984 0.025762 0.174375
0 0.591396 0.670039 0.019687 0.108672
0 0.617432 0.656758 0.018945 0.100391
0 0.640469 0.654453 0.015918 0.102031
0 0.047173 0.586484 0.009170 0.065156
0 0.061392 0.557500 0.009014 0.085938
0 0.126968 0.592578 0.022100 0.133594
7 0.027358 0.598750 0.008506 0.126875
6 0.071636 0.575977 0.005654 0.127266
7 0.307310 0.532344 0.006221 0.088438
7 0.427666 0.606680 0.006504 0.130391
6 0.493516 0.638516 0.004980 0.108125
6 0.499028 0.638047 0.004111 0.102031
