0 0.491753 0.859766 0.033936 0.268594
0 0.495352 0.708398 0.025508 0.187734
0 0.546465 0.625039 0.024141 0.174297
0 0.578120 0.653633 0.020518 0.093359
0 0.605396 0.647383 0.018115 0.094297
0 0.630200 0.645273 0.015713 0.085391
0 0.039136 0.580703 0.009170 0.065156
0 0.057974 0.559180 0.009014 0.086016
0 0.130444 0.603711 0.024443 0.129297
7 0.030737 0.602344 0.005420 0.095313
6 0.087876 0.590586 0.005654 0.146953
7 0.343667 0.529297 0.006221 0.117813
7 0.489092 0.634297 0.007070 0.153594
6 0.475186 0.625273 0.004980 0.101328
6 0.478931 0.621914 0.004111 0.096484
