6 0.078687 0.569102 0.004404 0.097266
0 0.493638 0.865156 0.035166 0.264375
0 0.503027 0.778711 0.028711 0.190234
0 0.557988 0.638281 0.025703 0.174375
0 0.591382 0.669570 0.019717 0.108203
0 0.617402 0.656797 0.018887 0.100000
0 0.640459 0.654453 0.015898 0.102031
0 0.046772 0.586641 0.009170 0.065156
0 0.061392 0.557500 0.009014 0.085938
0 0.126968 0.592578 0.022100 0.133594
7 0.027710 0.599336 0.008506 0.126953
6 0.071040 0.581523 0.005654 0.127266
7 0.308633 0.531953 0.006211 0.091094
7 0.429639 0.609258 0.006563 0.134609
6 0.492871 0.637695 0.004980 0.108203
6 0.498569 0.638047 0.004111 0.102031
