0 0.490977 0.855039 0.032656 0.272891
0 0.494219 0.699922 0.024707 0.187500
0 0.544395 0.624766 0.023984 0.174375
0 0.575674 0.650117 0.020605 0.091797
0 0.601440 0.647383 0.018115 0.094297
0 0.628247 0.643359 0.015713 0.082656
0 0.038335 0.579609 0.009170 0.065156
0 0.057354 0.559609 0.009023 0.085938
0 0.130933 0.603711 0.025420 0.129297
7 0.030576 0.602539 0.005059 0.091641
6 0.089644 0.593203 0.005654 0.151094
7 0.350171 0.520469 0.007744 0.117812
7 0.495010 0.631523 0.007070 0.146484
6 0.472446 0.628047 0.004971 0.101406
6 0.476646 0.619648 0.004111 0.095703
