7 0.014976 0.563008 0.006357 0.146953
6 0.076284 0.565508 0.004053 0.095078
0 0.493667 0.863359 0.034600 0.266250
0 0.503027 0.778711 0.028711 0.190234
0 0.555205 0.641445 0.026289 0.177891
0 0.591030 0.670078 0.019521 0.111719
0 0.617593 0.656758 0.019268 0.102891
0 0.640518 0.654453 0.016016 0.102031
0 0.052529 0.587734 0.013516 0.096250
0 0.061392 0.557500 0.009014 0.085938
0 0.126968 0.592578 0.022100 0.133594
7 0.022583 0.602891 0.008506 0.126875
6 0.069312 0.567852 0.005654 0.127266
7 0.299507 0.535313 0.006045 0.074531
7 0.419014 0.584141 0.006504 0.116406
6 0.496582 0.638516 0.004980 0.108125
6 0.501772 0.638047 0.004111 0.102031
