6 0.069048 0.543320 0.004053 0.095078
7 0.985664 0.718164 0.009531 0.361797
7 0.975044 0.572344 0.005166 0.147188
7 0.964634 0.564336 0.005010 0.151172
0 0.493779 0.858633 0.032285 0.268672
0 0.503027 0.778711 0.028711 0.190234
0 0.514629 0.641094 0.025781 0.205156
0 0.556284 0.671602 0.018838 0.108828
0 0.604165 0.666289 0.020264 0.110234
0 0.639092 0.653203 0.016875 0.112344
0 0.160679 0.594219 0.018486 0.113437
0 0.061392 0.557500 0.009014 0.085938
0 0.126968 0.592578 0.022100 0.133594
6 0.055254 0.544844 0.004492 0.105781
7 0.257930 0.559922 0.005000 0.068437
7 0.388525 0.511641 0.005996 0.090625
6 0.512256 0.648086 0.004980 0.110859
6 0.519302 0.642695 0.005283 0.108672
