6 0.069048 0.543320 0.004053 0.095078
7 0.954375 0.780352 0.016895 0.418516
7 0.981118 0.579063 0.005439 0.147188
7 0.975986 0.560898 0.004629 0.151172
0 0.493779 0.863867 0.032285 0.258203
0 0.503027 0.778711 0.028711 0.190234
0 0.494507 0.659258 0.028174 0.254453
0 0.532798 0.672187 0.020518 0.108750
0 0.582876 0.673398 0.020264 0.110234
0 0.628379 0.657617 0.017480 0.116953
0 0.196440 0.573047 0.013584 0.093750
0 0.061392 0.557500 0.009014 0.085938
0 0.126968 0.592578 0.022100 0.133594
6 0.054492 0.537891 0.003828 0.096406
7 0.382231 0.496250 0.005674 0.080312
6 0.517686 0.652187 0.004980 0.111875
6 0.525024 0.644297 0.005283 0.108594
