6 0.079805 0.571719 0.004746 0.099531
0 0.493623 0.866133 0.035488 0.263359
0 0.503027 0.778711 0.028711 0.190234
0 0.557900 0.635508 0.025488 0.174297
0 0.591313 0.667773 0.019834 0.106172
0 0.617290 0.656797 0.018662 0.098438
0 0.640425 0.654453 0.015830 0.102031
0 0.045171 0.587422 0.009170 0.065156
0 0.061392 0.557500 0.009014 0.085938
0 0.126968 0.592578 0.022100 0.133594
7 0.029136 0.601055 0.008389 0.125703
6 0.073276 0.582812 0.005654 0.127188
7 0.313931 0.530547 0.006221 0.101406
7 0.437534 0.619609 0.006787 0.151406
6 0.491611 0.643906 0.004980 0.108906
6 0.496738 0.638047 0.004102 0.102031
