7 0.006499 0.584219 0.006357 0.189375
6 0.072622 0.565508 0.004053 0.095078
0 0.493696 0.861367 0.033955 0.268359
0 0.503027 0.778711 0.028711 0.190234
0 0.549517 0.643555 0.027119 0.185234
0 0.589937 0.666602 0.019307 0.115859
0 0.617817 0.656758 0.019717 0.106172
0 0.640586 0.654453 0.016152 0.102031
0 0.065542 0.586563 0.019307 0.137813
0 0.061392 0.557500 0.009014 0.085938
0 0.126968 0.592578 0.022100 0.133594
7 0.017031 0.625703 0.008516 0.139844
6 0.065532 0.559297 0.005654 0.127188
7 0.290010 0.542852 0.005000 0.068516
7 0.408818 0.559688 0.006504 0.107031
6 0.500049 0.638945 0.004980 0.108672
6 0.505845 0.638633 0.004404 0.103672
