7 0.007559 0.581562 0.006367 0.184063
6 0.072964 0.565312 0.004053 0.095156
0 0.493691 0.861602 0.034043 0.268047
0 0.503027 0.778711 0.028711 0.190234
0 0.550229 0.643320 0.027021 0.184297
0 0.590073 0.667031 0.019326 0.115313
0 0.617788 0.656719 0.019658 0.105781
0 0.640576 0.654453 0.016133 0.102031
0 0.063286 0.587305 0.018584 0.132578
0 0.061392 0.557500 0.009014 0.085938
0 0.126968 0.592578 0.022100 0.133594
7 0.017700 0.622578 0.008506 0.137969
6 0.065952 0.560352 0.005654 0.127266
7 0.291216 0.542578 0.005010 0.068438
7 0.409927 0.562070 0.006494 0.107109
6 0.499595 0.638594 0.004971 0.108594
6 0.505308 0.638477 0.004346 0.103359
