6 0.069048 0.543320 0.004053 0.095078
7 0.911978 0.799609 0.033135 0.400781
7 0.982534 0.576797 0.004912 0.147188
0 0.493779 0.866914 0.032285 0.252109
0 0.503027 0.778711 0.028711 0.190234
0 0.482769 0.669844 0.029561 0.283125
0 0.518828 0.666875 0.018945 0.108750
0 0.570513 0.671602 0.021455 0.110234
0 0.619229 0.661563 0.019531 0.115156
0 0.212148 0.568320 0.012090 0.080234
0 0.061392 0.557500 0.009014 0.085938
0 0.126968 0.592578 0.022100 0.133594
6 0.055107 0.535977 0.003770 0.095703
7 0.378955 0.488477 0.005488 0.074297
6 0.522095 0.654883 0.004971 0.110234
6 0.529463 0.642734 0.005293 0.108594
