6 0.080928 0.574336 0.005098 0.101641
0 0.493604 0.867148 0.035801 0.262266
0 0.501953 0.767461 0.028516 0.189922
0 0.557813 0.632695 0.025273 0.174297
0 0.590898 0.667656 0.019941 0.104063
0 0.617183 0.656797 0.018447 0.096719
0 0.640391 0.654453 0.015762 0.102031
0 0.043569 0.588164 0.009170 0.065234
0 0.061392 0.557500 0.009014 0.085938
0 0.127124 0.593164 0.022178 0.133359
7 0.030605 0.601289 0.007910 0.120859
6 0.076450 0.578555 0.005654 0.127266
7 0.317803 0.528828 0.006211 0.106094
7 0.445430 0.629883 0.007012 0.168203
6 0.490010 0.642422 0.004980 0.109375
6 0.494907 0.638047 0.004111 0.102031
