6 0.069048 0.543320 0.004053 0.095078
7 0.854233 0.843359 0.031318 0.313281
7 0.983521 0.575820 0.004912 0.147266
0 0.493779 0.869102 0.032285 0.247734
0 0.503027 0.778711 0.028711 0.190234
0 0.474385 0.677422 0.030566 0.303750
0 0.511284 0.678672 0.017002 0.114063
0 0.559863 0.668477 0.023828 0.110234
0 0.611279 0.669297 0.018984 0.105781
0 0.221431 0.558672 0.011025 0.070625
0 0.061392 0.557500 0.009014 0.085938
0 0.126968 0.592578 0.022100 0.133594
6 0.055674 0.534844 0.003770 0.095625
7 0.376611 0.482969 0.005352 0.070000
6 0.525596 0.656914 0.004980 0.108516
6 0.532632 0.641602 0.005283 0.108672
