6 0.069048 0.543320 0.004053 0.095078
7 0.945132 0.784453 0.020283 0.424844
7 0.981538 0.578047 0.005088 0.147188
7 0.977520 0.557930 0.004629 0.151172
0 0.493779 0.864727 0.032285 0.256484
0 0.503027 0.778711 0.028711 0.190234
0 0.491152 0.662266 0.028574 0.262656
0 0.528135 0.670039 0.020156 0.108828
0 0.579224 0.673594 0.020459 0.110313
0 0.625762 0.658750 0.018066 0.116406
0 0.201187 0.570977 0.013154 0.089922
0 0.061392 0.557500 0.009014 0.085938
0 0.126968 0.592578 0.022100 0.133594
6 0.054541 0.537109 0.003770 0.095625
7 0.381299 0.493984 0.005625 0.078594
6 0.518589 0.652891 0.004971 0.112031
6 0.526289 0.643867 0.005293 0.108672
