7 0.004380 0.581406 0.006357 0.189375
6 0.070923 0.566328 0.004053 0.095156
0 0.493716 0.860078 0.033564 0.269687
0 0.503027 0.778711 0.028711 0.190234
0 0.545967 0.644883 0.027637 0.189766
0 0.586528 0.666523 0.019170 0.118359
0 0.617954 0.656680 0.019990 0.108203
0 0.640625 0.654375 0.016250 0.102500
0 0.079653 0.598711 0.020146 0.136016
0 0.061392 0.557500 0.009014 0.085938
0 0.126968 0.592578 0.022100 0.133594
7 0.013364 0.632344 0.008506 0.169844
6 0.063442 0.554180 0.005654 0.127266
7 0.283984 0.544141 0.005000 0.068438
7 0.403301 0.547930 0.006504 0.107109
6 0.502310 0.640625 0.004971 0.109063
6 0.508550 0.639141 0.004697 0.105313
