6 0.081206 0.575000 0.005186 0.102187
0 0.493604 0.867422 0.035879 0.262031
0 0.501689 0.764648 0.028457 0.189766
0 0.557788 0.631992 0.025225 0.174297
0 0.590703 0.668008 0.019961 0.103516
0 0.617153 0.656836 0.018389 0.096328
0 0.640381 0.654453 0.015742 0.102031
0 0.043164 0.588359 0.009160 0.065156
0 0.061392 0.557500 0.009014 0.085938
0 0.127285 0.593750 0.022246 0.133125
7 0.030977 0.601328 0.007793 0.119687
6 0.076802 0.578555 0.005654 0.127266
7 0.318770 0.528398 0.006211 0.107266
7 0.447402 0.632461 0.007070 0.172422
6 0.489414 0.639375 0.004980 0.109375
6 0.494150 0.637266 0.004102 0.101719
