6 0.069048 0.543320 0.004053 0.095078
7 0.926943 0.787383 0.028164 0.425234
7 0.982144 0.577187 0.004912 0.147188
0 0.493779 0.866055 0.032285 0.253828
0 0.503027 0.778711 0.028711 0.190234
0 0.486118 0.666797 0.029170 0.275000
0 0.521572 0.666875 0.018945 0.108750
0 0.573994 0.672383 0.021055 0.110234
0 0.621846 0.660391 0.018945 0.115625
0 0.207813 0.568281 0.012520 0.084063
0 0.061392 0.557500 0.009014 0.085938
0 0.126968 0.592578 0.022100 0.133594
6 0.054883 0.536406 0.003770 0.095625
7 0.379893 0.490703 0.005547 0.075937
6 0.520693 0.654102 0.004980 0.111016
6 0.528193 0.643203 0.005293 0.108594
