7 0.009678 0.576250 0.006367 0.173438
6 0.073813 0.565156 0.004053 0.095156
0 0.493682 0.862070 0.034199 0.267578
0 0.503027 0.778711 0.028711 0.190234
0 0.551655 0.642773 0.026807 0.182578
0 0.590347 0.667891 0.019385 0.114219
0 0.617734 0.656758 0.019551 0.104922
0 0.640562 0.654453 0.016104 0.102031
0 0.058774 0.588828 0.017139 0.122188
0 0.061392 0.557500 0.009014 0.085938
0 0.126968 0.592578 0.022100 0.133594
7 0.019033 0.616289 0.008516 0.134297
6 0.066782 0.562383 0.005654 0.127266
7 0.293604 0.541133 0.005176 0.069453
7 0.412139 0.566797 0.006504 0.107031
6 0.498691 0.637891 0.004980 0.108438
6 0.504224 0.638281 0.004229 0.102656
