0 0.492520 0.864414 0.035215 0.264297
0 0.496484 0.716836 0.026309 0.188047
0 0.548540 0.625352 0.024307 0.174297
0 0.580566 0.657227 0.020430 0.094922
0 0.609351 0.647383 0.018115 0.094297
0 0.632153 0.647227 0.015713 0.088203
0 0.039937 0.581797 0.009170 0.065156
0 0.058599 0.558711 0.009014 0.086016
0 0.129961 0.603711 0.023477 0.129297
7 0.030898 0.602227 0.005781 0.098984
6 0.086108 0.588008 0.005654 0.142734
7 0.338369 0.527539 0.006211 0.117734
7 0.483174 0.637148 0.007070 0.160703
6 0.478506 0.621172 0.004980 0.101406
6 0.481211 0.624258 0.004102 0.097266
