6 0.069048 0.543320 0.004053 0.095078
0 0.493745 0.858281 0.032998 0.271562
0 0.503027 0.778711 0.028711 0.190234
0 0.538267 0.642656 0.028369 0.196094
0 0.580796 0.668125 0.018975 0.121875
0 0.616831 0.657617 0.020264 0.110234
0 0.640684 0.653750 0.016445 0.105625
0 0.103716 0.606250 0.020146 0.125937
0 0.061392 0.557500 0.009014 0.085938
0 0.126968 0.592578 0.022100 0.133594
7 0.007925 0.633320 0.008506 0.231016
6 0.059976 0.552383 0.005322 0.121641
7 0.275537 0.546016 0.005000 0.068437
7 0.397573 0.534687 0.006396 0.103594
6 0.505474 0.643008 0.004971 0.109609
6 0.512334 0.639922 0.005117 0.107656
