7 0.015269 0.563945 0.006357 0.146953
6 0.076714 0.565820 0.004053 0.095078
0 0.493662 0.863633 0.034687 0.266016
0 0.503027 0.778711 0.028711 0.190234
0 0.555923 0.641172 0.026182 0.177031
0 0.591172 0.670508 0.019551 0.111172
0 0.617568 0.656758 0.019219 0.102422
0 0.640508 0.654453 0.015996 0.102031
0 0.051641 0.587539 0.012793 0.091172
0 0.061392 0.557500 0.009014 0.085938
0 0.126968 0.592578 0.022100 0.133594
7 0.023472 0.601953 0.008506 0.126875
6 0.069878 0.568945 0.005654 0.127266
7 0.300684 0.534102 0.006211 0.075547
7 0.420449 0.587930 0.006504 0.118672
6 0.496211 0.639336 0.004980 0.108203
6 0.501313 0.638047 0.004111 0.102031
