6 0.069048 0.543320 0.004053 0.095078
7 0.972720 0.741992 0.012627 0.419141
7 0.978076 0.584570 0.005488 0.147266
7 0.971387 0.565781 0.004629 0.151094
0 0.493779 0.861250 0.032285 0.263437
0 0.503027 0.778711 0.028711 0.190234
0 0.504570 0.650195 0.026973 0.229766
0 0.545186 0.675703 0.019082 0.108750
0 0.594341 0.669961 0.020264 0.110234
0 0.634800 0.654766 0.017041 0.115000
0 0.179692 0.583008 0.014873 0.105234
0 0.061392 0.557500 0.009014 0.085938
0 0.126968 0.592578 0.022100 0.133594
6 0.054873 0.541328 0.004160 0.101094
7 0.253545 0.555547 0.005000 0.068437
7 0.385039 0.502891 0.005840 0.085469
6 0.514971 0.650156 0.004980 0.111406
6 0.521973 0.643945 0.005293 0.108672
