0 0.493564 0.869922 0.036680 0.259375
0 0.499009 0.736484 0.027959 0.188750
0 0.553384 0.626016 0.024678 0.174375
0 0.586274 0.665547 0.020244 0.098437
0 0.613823 0.652891 0.018115 0.094219
0 0.636704 0.651758 0.015713 0.094609
0 0.041377 0.584766 0.009160 0.065156
0 0.060049 0.557656 0.009023 0.085938
0 0.128857 0.599609 0.022969 0.130937
7 0.031279 0.601836 0.006602 0.107422
6 0.081987 0.581992 0.005654 0.132891
7 0.328779 0.524922 0.006211 0.117813
7 0.468994 0.640313 0.007070 0.172500
6 0.483193 0.626641 0.004980 0.101406
6 0.486538 0.629609 0.004111 0.099063
