6 0.069048 0.543320 0.004053 0.095078
7 0.962158 0.769062 0.015527 0.418438
7 0.980337 0.582148 0.005615 0.147266
7 0.974390 0.562852 0.004619 0.151172
0 0.493779 0.863008 0.032285 0.259922
0 0.503027 0.778711 0.028711 0.190234
0 0.497861 0.656250 0.027773 0.246250
0 0.536924 0.673359 0.020039 0.108750
0 0.586694 0.672266 0.020264 0.110313
0 0.630708 0.656562 0.017158 0.116719
0 0.191372 0.575352 0.014014 0.097578
0 0.061392 0.557500 0.009014 0.085938
0 0.126968 0.592578 0.022100 0.133594
6 0.054614 0.539062 0.003936 0.097969
7 0.251494 0.547031 0.005000 0.068438
7 0.383169 0.498437 0.005732 0.082031
6 0.516777 0.651523 0.004980 0.111641
6 0.523755 0.644766 0.005283 0.108594
