7 0.015566 0.564883 0.006367 0.146953
6 0.077134 0.566172 0.004053 0.095156
0 0.493657 0.863867 0.034756 0.265703
0 0.503027 0.778711 0.028711 0.190234
0 0.556631 0.640898 0.026074 0.176172
0 0.591304 0.670898 0.019580 0.110703
0 0.617539 0.656758 0.019160 0.102109
0 0.640503 0.654453 0.015986 0.102031
0 0.050747 0.587344 0.012061 0.085938
0 0.061392 0.557500 0.009014 0.085938
0 0.126968 0.592578 0.022100 0.133594
7 0.024351 0.601016 0.008506 0.126875
6 0.070444 0.570117 0.005654 0.127266
7 0.302007 0.533750 0.006221 0.078125
7 0.421895 0.591680 0.006504 0.121016
6 0.495835 0.640156 0.004971 0.108125
6 0.500854 0.638047 0.004111 0.102031
