6 0.082329 0.577578 0.005537 0.104375
0 0.493589 0.868437 0.036201 0.260938
0 0.500615 0.753398 0.028262 0.189297
0 0.556138 0.629375 0.025010 0.174375
0 0.589927 0.669531 0.020068 0.101562
0 0.617046 0.656836 0.018174 0.094609
0 0.639448 0.653789 0.015713 0.100234
0 0.042119 0.587734 0.009160 0.065156
0 0.060884 0.557500 0.009014 0.085938
0 0.127915 0.596094 0.022529 0.132188
7 0.031602 0.601523 0.007324 0.114766
6 0.078569 0.578555 0.005654 0.127266
7 0.322642 0.526719 0.006221 0.111875
7 0.456040 0.635625 0.007061 0.172500
6 0.487178 0.638672 0.004980 0.104531
6 0.491104 0.634219 0.004102 0.100625
