6 0.079243 0.570430 0.004580 0.098359
0 0.493628 0.865625 0.035322 0.263906
0 0.503027 0.778711 0.028711 0.190234
0 0.557944 0.636875 0.025596 0.174375
0 0.591348 0.668672 0.019766 0.107187
0 0.617349 0.656797 0.018779 0.099219
0 0.640444 0.654453 0.015869 0.102031
0 0.045972 0.587031 0.009170 0.065156
0 0.061392 0.557500 0.009014 0.085938
0 0.126968 0.592578 0.022100 0.133594
7 0.028413 0.600469 0.008506 0.126875
6 0.071392 0.585625 0.005654 0.127188
7 0.311284 0.531250 0.006221 0.096250
7 0.433589 0.614453 0.006670 0.142969
6 0.492017 0.639219 0.004971 0.108438
6 0.497656 0.638047 0.004102 0.102031
