6 0.069048 0.543320 0.004053 0.095078
7 0.966060 0.570117 0.005166 0.144141
0 0.493755 0.857539 0.032764 0.272266
0 0.503027 0.778711 0.028711 0.190234
0 0.534062 0.641172 0.028340 0.197969
0 0.578052 0.671602 0.018896 0.123516
0 0.614946 0.659062 0.020264 0.110313
0 0.640708 0.653477 0.016533 0.106953
0 0.116187 0.606563 0.022021 0.124531
0 0.061392 0.557500 0.009014 0.085938
0 0.126968 0.592578 0.022100 0.133594
7 0.003438 0.644609 0.006875 0.231094
6 0.058447 0.552031 0.005156 0.118906
7 0.271924 0.546797 0.005000 0.068438
7 0.395767 0.530117 0.006318 0.101016
6 0.506831 0.644023 0.004971 0.109922
6 0.513955 0.640234 0.005293 0.108594
