7 0.004800 0.581953 0.006357 0.189375
6 0.071265 0.566172 0.004053 0.095156
0 0.493716 0.860313 0.033643 0.269375
0 0.503027 0.778711 0.028711 0.190234
0 0.546680 0.644648 0.027539 0.188828
0 0.587344 0.666445 0.019199 0.117891
0 0.617925 0.656719 0.019932 0.107812
0 0.640620 0.654453 0.016221 0.102031
0 0.076509 0.597305 0.020146 0.137422
0 0.061392 0.557500 0.009014 0.085938
0 0.126968 0.592578 0.022100 0.133594
7 0.014146 0.632227 0.008506 0.161016
6 0.063862 0.555195 0.005654 0.127266
7 0.285186 0.543906 0.005000 0.068438
7 0.404404 0.550312 0.006504 0.107031
6 0.501855 0.640273 0.004980 0.108984
6 0.508013 0.639062 0.004639 0.105000
