7 0.010737 0.573594 0.006357 0.168125
6 0.074326 0.565156 0.004062 0.095156
0 0.493682 0.862344 0.034277 0.267344
0 0.503027 0.778711 0.028711 0.190234
0 0.552363 0.642500 0.026699 0.181562
0 0.590483 0.668359 0.019424 0.113750
0 0.617705 0.656719 0.019492 0.104531
0 0.640552 0.654453 0.016084 0.102031
0 0.057437 0.588594 0.016416 0.117031
0 0.061392 0.557500 0.009014 0.085938
0 0.126968 0.592578 0.022100 0.133594
7 0.019702 0.613203 0.008506 0.132500
6 0.067202 0.563398 0.005654 0.127266
7 0.294785 0.540000 0.005352 0.070469
7 0.413242 0.569141 0.006504 0.107031
6 0.498237 0.637578 0.004971 0.108281
6 0.503687 0.638203 0.004170 0.102344
