0 0.490723 0.853477 0.032227 0.274297
0 0.493843 0.697109 0.024443 0.187344
0 0.543701 0.624688 0.023926 0.174375
0 0.574863 0.648906 0.020625 0.091250
0 0.600122 0.647383 0.018115 0.094297
0 0.627603 0.642734 0.015713 0.081719
0 0.038066 0.579219 0.009160 0.065156
0 0.057144 0.559766 0.009014 0.085938
0 0.131094 0.603711 0.025742 0.129297
7 0.030522 0.602578 0.004951 0.090469
6 0.090229 0.594062 0.005654 0.152500
7 0.352334 0.517539 0.008242 0.117734
7 0.496982 0.630586 0.007070 0.144141
6 0.471533 0.628984 0.004980 0.101406
6 0.475884 0.618867 0.004111 0.095391
