7 0.015864 0.565820 0.006357 0.146953
6 0.077563 0.566523 0.004053 0.095078
0 0.493652 0.864141 0.034844 0.265469
0 0.503027 0.778711 0.028711 0.190234
0 0.557339 0.640664 0.025967 0.175234
0 0.591445 0.671367 0.019609 0.110234
0 0.617510 0.656758 0.019102 0.101641
0 0.640493 0.654453 0.015967 0.102031
0 0.049849 0.587109 0.011338 0.080781
0 0.061392 0.557500 0.009014 0.085938
0 0.126968 0.592578 0.022100 0.133594
7 0.025239 0.600078 0.008506 0.126875
6 0.070747 0.571562 0.005654 0.127188
7 0.303335 0.533398 0.006221 0.080703
7 0.423340 0.595430 0.006504 0.123359
6 0.495459 0.640977 0.004980 0.108203
6 0.500400 0.638047 0.004102 0.102031
