6 0.082046 0.576953 0.005439 0.103906
0 0.493589 0.868164 0.036123 0.261172
0 0.500884 0.756211 0.028311 0.189453
0 0.556553 0.630039 0.025059 0.174297
0 0.590122 0.669141 0.020049 0.102031
0 0.617070 0.656836 0.018223 0.095078
0 0.639907 0.654102 0.015713 0.101172
0 0.042241 0.588242 0.009170 0.065234
0 0.061011 0.557500 0.009014 0.085938
0 0.127759 0.595508 0.022471 0.132422
7 0.031655 0.601484 0.007432 0.115938
6 0.078042 0.578555 0.005654 0.127266
7 0.321675 0.527148 0.006221 0.110703
7 0.453882 0.634844 0.007061 0.172500
6 0.487725 0.637891 0.004980 0.106094
6 0.491865 0.635000 0.004102 0.100938
