0 0.493296 0.869141 0.036494 0.260000
0 0.497607 0.725273 0.027109 0.188359
0 0.550620 0.625625 0.024463 0.174375
0 0.583018 0.660781 0.020352 0.096406
0 0.611270 0.649766 0.018125 0.094219
0 0.634106 0.649141 0.015713 0.090938
0 0.040742 0.582930 0.009160 0.065234
0 0.059219 0.558242 0.009023 0.086016
0 0.129492 0.601953 0.023262 0.130000
7 0.031064 0.602070 0.006133 0.102578
6 0.084341 0.585430 0.005654 0.138516
7 0.333994 0.526289 0.006211 0.117734
7 0.477256 0.640000 0.007070 0.167812
6 0.480298 0.625273 0.004971 0.101328
6 0.483496 0.626523 0.004102 0.098047
