6 0.069048 0.543320 0.004053 0.095078
7 0.868457 0.834180 0.031836 0.331641
7 0.983325 0.576016 0.004912 0.147188
0 0.493779 0.868672 0.032285 0.248594
0 0.503027 0.778711 0.028711 0.190234
0 0.476060 0.675898 0.030361 0.299609
0 0.512788 0.676289 0.017393 0.113047
0 0.562314 0.666133 0.022246 0.110234
0 0.613076 0.667344 0.018984 0.108750
0 0.219780 0.561914 0.011240 0.072578
0 0.061392 0.557500 0.009014 0.085938
0 0.126968 0.592578 0.022100 0.133594
6 0.055562 0.535078 0.003779 0.095625
7 0.377085 0.484062 0.005381 0.070781
6 0.524897 0.656523 0.004971 0.108828
6 0.531997 0.641797 0.005283 0.108594
