6 0.082607 0.578242 0.005625 0.104922
0 0.493579 0.868711 0.036279 0.260703
0 0.500347 0.750586 0.028213 0.189297
0 0.555728 0.628711 0.024951 0.174297
0 0.589731 0.669922 0.020107 0.100937
0 0.617017 0.656836 0.018115 0.094297
0 0.638989 0.653438 0.015713 0.099219
0 0.041992 0.587266 0.009160 0.065156
0 0.060762 0.557500 0.009023 0.085938
0 0.128071 0.596680 0.022607 0.131953
7 0.031548 0.601602 0.007197 0.113516
6 0.079102 0.578555 0.005645 0.127266
7 0.323608 0.526289 0.006221 0.113047
7 0.458198 0.636406 0.007061 0.172500
6 0.486636 0.639453 0.004971 0.102969
6 0.490342 0.633477 0.004102 0.100391
