0 0.493037 0.867578 0.036074 0.261406
0 0.497231 0.722422 0.026846 0.188281
0 0.549927 0.625547 0.024404 0.174375
0 0.582202 0.659609 0.020381 0.095937
0 0.610630 0.648984 0.018115 0.094219
0 0.633452 0.648516 0.015713 0.090000
0 0.040474 0.582578 0.009170 0.065156
0 0.059014 0.558398 0.009023 0.086016
0 0.129644 0.602539 0.023330 0.129766
7 0.031006 0.602109 0.006016 0.101406
6 0.084927 0.586289 0.005654 0.139922
7 0.335298 0.526602 0.006221 0.117734
7 0.479229 0.639023 0.007070 0.165391
6 0.479702 0.623906 0.004971 0.101406
6 0.482734 0.625781 0.004102 0.097812
