0 0.493560 0.870195 0.036768 0.259141
0 0.498740 0.733711 0.027910 0.188672
0 0.552695 0.625898 0.024629 0.174297
0 0.585464 0.664375 0.020264 0.097969
0 0.613188 0.652109 0.018115 0.094219
0 0.636060 0.651094 0.015713 0.093750
0 0.041255 0.584297 0.009170 0.065156
0 0.059844 0.557813 0.009023 0.085938
0 0.129019 0.600195 0.023037 0.130703
7 0.031226 0.601875 0.006494 0.106250
6 0.082573 0.582852 0.005654 0.134297
7 0.330083 0.525273 0.006221 0.117734
7 0.471152 0.641094 0.007070 0.172500
6 0.482344 0.627344 0.004980 0.101406
6 0.485776 0.628867 0.004111 0.098828
