6 0.069048 0.543320 0.004053 0.095078
7 0.974365 0.739453 0.010957 0.410156
7 0.977515 0.583203 0.005420 0.147187
7 0.970156 0.565781 0.004629 0.151094
0 0.493779 0.860820 0.032285 0.264297
0 0.503027 0.778711 0.028711 0.190234
0 0.506245 0.648633 0.026787 0.225703
0 0.547251 0.676289 0.018838 0.108828
0 0.596255 0.669414 0.020264 0.110234
0 0.635825 0.654297 0.017021 0.114531
0 0.176650 0.585195 0.015078 0.107109
0 0.061392 0.557500 0.009014 0.085938
0 0.126968 0.592578 0.022100 0.133594
6 0.054932 0.541953 0.004219 0.101875
7 0.254277 0.556289 0.005000 0.068516
7 0.385508 0.503945 0.005859 0.086328
6 0.514517 0.649844 0.004971 0.111250
6 0.521528 0.643750 0.005283 0.108594
