6 0.069048 0.543320 0.004053 0.095078
7 0.934424 0.781250 0.025684 0.437500
7 0.981948 0.577383 0.004912 0.147266
7 0.978252 0.555977 0.004629 0.151172
0 0.493779 0.865625 0.032285 0.254687
0 0.503027 0.778711 0.028711 0.190234
0 0.487798 0.665273 0.028975 0.270859
0 0.522949 0.666875 0.018945 0.108750
0 0.575742 0.672813 0.020859 0.110313
0 0.623154 0.659844 0.018652 0.115937
0 0.205605 0.569180 0.012734 0.086016
0 0.061392 0.557500 0.009014 0.085938
0 0.126968 0.592578 0.022100 0.133594
6 0.054766 0.536641 0.003770 0.095625
7 0.380361 0.491797 0.005566 0.076875
6 0.519990 0.653711 0.004980 0.111328
6 0.527559 0.643398 0.005293 0.108672
