6 0.069048 0.543320 0.004053 0.095078
7 0.987104 0.708320 0.009385 0.357109
7 0.974790 0.567109 0.005166 0.147188
7 0.963774 0.564805 0.005381 0.151172
0 0.493779 0.858203 0.032285 0.269531
0 0.503027 0.778711 0.028711 0.190234
0 0.516309 0.639609 0.025586 0.201094
0 0.558608 0.670820 0.018838 0.110391
0 0.605259 0.665586 0.020264 0.110234
0 0.639653 0.653047 0.016846 0.111875
0 0.157446 0.595938 0.019287 0.114531
0 0.061392 0.557500 0.009014 0.085938
0 0.126968 0.592578 0.022100 0.133594
6 0.055313 0.545391 0.004551 0.106562
7 0.258662 0.560664 0.005000 0.068516
7 0.389131 0.513203 0.006016 0.091562
6 0.511807 0.647813 0.004980 0.110781
6 0.518857 0.642500 0.005293 0.108594
