7 0.002188 0.581406 0.004375 0.189375
6 0.070327 0.562656 0.004053 0.095156
0 0.493726 0.859570 0.033408 0.270234
0 0.503027 0.778711 0.028711 0.190234
0 0.544541 0.645430 0.027852 0.191641
0 0.584893 0.666719 0.019121 0.119375
0 0.618008 0.656719 0.020098 0.109063
0 0.640645 0.654180 0.016309 0.103359
0 0.085962 0.601641 0.020146 0.133125
0 0.061392 0.557500 0.009014 0.085938
0 0.126968 0.592578 0.022100 0.133594
7 0.011812 0.632617 0.008506 0.187266
6 0.062515 0.553008 0.005596 0.126328
7 0.281572 0.544687 0.005000 0.068437
7 0.401094 0.543203 0.006504 0.107031
6 0.503213 0.641328 0.004980 0.109219
6 0.509634 0.639375 0.004814 0.105938
