6 0.069556 0.551055 0.004053 0.095078
0 0.493735 0.858789 0.033154 0.271016
0 0.503027 0.778711 0.028711 0.190234
0 0.541045 0.644180 0.028164 0.194297
0 0.582437 0.667500 0.019033 0.120938
0 0.618091 0.656680 0.020264 0.110234
0 0.640664 0.653906 0.016387 0.104688
0 0.096079 0.605117 0.020146 0.128828
0 0.061392 0.557500 0.009014 0.085938
0 0.126968 0.592578 0.022100 0.133594
7 0.009478 0.633047 0.008506 0.213594
6 0.060996 0.552617 0.005430 0.123516
7 0.277949 0.545469 0.005000 0.068438
7 0.398784 0.537813 0.006455 0.105312
6 0.504570 0.642305 0.004980 0.109453
6 0.511255 0.639687 0.004990 0.107031
