6 0.069048 0.543320 0.004053 0.095078
0 0.493745 0.858047 0.032920 0.271719
0 0.503027 0.778711 0.028711 0.190234
0 0.536875 0.641875 0.028477 0.197031
0 0.579980 0.668438 0.018945 0.122500
0 0.616206 0.658086 0.020264 0.110234
0 0.640688 0.653672 0.016475 0.106094
0 0.107534 0.606797 0.020146 0.124531
0 0.061392 0.557500 0.009014 0.085938
0 0.126968 0.592578 0.022100 0.133594
7 0.006431 0.637109 0.007959 0.231094
6 0.059468 0.552266 0.005264 0.120781
7 0.274336 0.546250 0.005000 0.068437
7 0.396973 0.533164 0.006367 0.102734
6 0.505928 0.643359 0.004980 0.109688
6 0.512876 0.640000 0.005166 0.107969
