6 0.069048 0.543320 0.004053 0.095078
7 0.950488 0.786016 0.017578 0.418438
7 0.981333 0.578555 0.005264 0.147266
7 0.976782 0.559922 0.004619 0.151094
0 0.493779 0.864297 0.032285 0.257344
0 0.503027 0.778711 0.028711 0.190234
0 0.492827 0.660781 0.028369 0.258594
0 0.530732 0.671602 0.020762 0.108828
0 0.580967 0.673984 0.020273 0.110313
0 0.627070 0.658164 0.017773 0.116641
0 0.198979 0.571914 0.013369 0.091797
0 0.061392 0.557500 0.009014 0.085938
0 0.126968 0.592578 0.022100 0.133594
6 0.054424 0.537344 0.003770 0.095625
7 0.381763 0.495117 0.005654 0.079453
6 0.518135 0.652539 0.004980 0.111953
6 0.525659 0.644062 0.005283 0.108594
