6 0.069048 0.543320 0.004053 0.095078
7 0.891733 0.816523 0.034053 0.366953
7 0.982935 0.576406 0.004912 0.147188
0 0.493779 0.867773 0.032285 0.250391
0 0.503027 0.778711 0.028711 0.190234
0 0.479414 0.672891 0.029961 0.291406
0 0.515806 0.671563 0.018174 0.110938
0 0.567026 0.670820 0.021846 0.110234
0 0.616680 0.663437 0.018984 0.114844
0 0.216484 0.568320 0.011660 0.076484
0 0.061392 0.557500 0.009014 0.085938
0 0.126968 0.592578 0.022100 0.133594
6 0.055332 0.535508 0.003770 0.095703
7 0.378018 0.486289 0.005430 0.072578
6 0.523496 0.655703 0.004980 0.109531
6 0.530732 0.642266 0.005293 0.108594
