7 0.016450 0.567695 0.006357 0.146953
6 0.078120 0.567813 0.004229 0.096250
0 0.493643 0.864648 0.035000 0.264922
0 0.503027 0.778711 0.028711 0.190234
0 0.558032 0.639687 0.025811 0.174375
0 0.591411 0.670469 0.019658 0.109219
0 0.617456 0.656758 0.018994 0.100859
0 0.640479 0.654453 0.015937 0.102031
0 0.048066 0.586680 0.009883 0.070391
0 0.061392 0.557500 0.009014 0.085938
0 0.126968 0.592578 0.022100 0.133594
7 0.027007 0.598203 0.008506 0.126875
6 0.071343 0.574492 0.005654 0.127266
7 0.305981 0.532695 0.006221 0.085859
7 0.426221 0.602930 0.006504 0.128047
6 0.494165 0.639336 0.004971 0.108203
6 0.499482 0.638047 0.004102 0.102031
