7 0.011802 0.570977 0.006357 0.162891
6 0.074839 0.565156 0.004053 0.095156
0 0.493677 0.862578 0.034365 0.267031
0 0.503027 0.778711 0.028711 0.190234
0 0.553076 0.642227 0.026602 0.180703
0 0.590620 0.668750 0.019443 0.113281
0 0.617676 0.656758 0.019434 0.104141
0 0.640542 0.654453 0.016064 0.102031
0 0.056104 0.588398 0.015684 0.111797
0 0.061392 0.557500 0.009014 0.085938
0 0.126968 0.592578 0.022100 0.133594
7 0.020366 0.610078 0.008506 0.130625
6 0.067622 0.564414 0.005654 0.127266
7 0.295962 0.538789 0.005518 0.071484
7 0.414678 0.572891 0.006504 0.109375
6 0.497783 0.637227 0.004980 0.108203
6 0.503145 0.638047 0.004102 0.102031
