6 0.069048 0.543320 0.004053 0.095078
7 0.979077 0.733594 0.010967 0.398438
7 0.976401 0.580391 0.005303 0.147187
7 0.967783 0.565156 0.004629 0.151094
0 0.493779 0.859961 0.032285 0.266016
0 0.503027 0.778711 0.028711 0.190234
0 0.509600 0.645625 0.026387 0.217500
0 0.550864 0.674414 0.018838 0.108828
0 0.600073 0.668242 0.020264 0.110234
0 0.637407 0.653711 0.016963 0.113672
0 0.170371 0.589063 0.016094 0.110156
0 0.061392 0.557500 0.009014 0.085938
0 0.126968 0.592578 0.022100 0.133594
6 0.055063 0.543125 0.004326 0.103438
7 0.255737 0.557734 0.005010 0.068437
7 0.386719 0.507031 0.005918 0.088125
6 0.513613 0.649141 0.004980 0.111094
6 0.520640 0.643320 0.005283 0.108672
