6 0.069048 0.543320 0.004053 0.095078
7 0.992881 0.668789 0.008770 0.338359
7 0.972466 0.566797 0.005166 0.147187
0 0.493779 0.856445 0.032285 0.273047
0 0.503027 0.778711 0.028711 0.190234
0 0.523403 0.640664 0.026631 0.198984
0 0.567876 0.667695 0.018838 0.116641
0 0.609624 0.662813 0.020264 0.110313
0 0.640757 0.652852 0.016729 0.110078
0 0.137979 0.595469 0.027715 0.124531
0 0.061392 0.557500 0.009014 0.085938
0 0.126968 0.592578 0.022100 0.133594
6 0.055791 0.548047 0.004766 0.110312
7 0.263486 0.548633 0.005000 0.068516
7 0.391543 0.519336 0.006133 0.094922
6 0.509995 0.646406 0.004971 0.110469
6 0.517075 0.641680 0.005283 0.108672
