0 0.493574 0.869180 0.036445 0.260234
0 0.499810 0.744922 0.028115 0.189063
0 0.554902 0.627422 0.024844 0.174375
0 0.588721 0.669141 0.020156 0.100000
0 0.615737 0.655273 0.018115 0.094297
0 0.638081 0.652773 0.015713 0.097422
0 0.041748 0.586250 0.009160 0.065156
0 0.060508 0.557500 0.009023 0.085938
0 0.128389 0.597852 0.022754 0.131484
7 0.031440 0.601719 0.006963 0.111094
6 0.080220 0.579414 0.005654 0.128672
7 0.325542 0.525430 0.006221 0.115391
7 0.462515 0.637969 0.007061 0.172500
6 0.485366 0.636875 0.004971 0.101406
6 0.488823 0.631914 0.004111 0.099922
