6 0.069302 0.547187 0.004053 0.095156
0 0.493740 0.858555 0.033086 0.271328
0 0.503027 0.778711 0.028711 0.190234
0 0.539658 0.643398 0.028262 0.195234
0 0.581621 0.667812 0.019004 0.121406
0 0.617461 0.657148 0.020273 0.110234
0 0.640674 0.653828 0.016426 0.105156
0 0.099897 0.605664 0.020146 0.127422
0 0.061392 0.557500 0.009014 0.085938
0 0.126968 0.592578 0.022100 0.133594
7 0.008701 0.633203 0.008516 0.222344
6 0.060483 0.552539 0.005381 0.122578
7 0.276748 0.545742 0.005000 0.068516
7 0.398179 0.536289 0.006416 0.104453
6 0.505020 0.642656 0.004980 0.109531
6 0.511792 0.639805 0.005049 0.107266
