6 0.078965 0.569766 0.004492 0.097812
0 0.493633 0.865352 0.035234 0.264141
0 0.503027 0.778711 0.028711 0.190234
0 0.557964 0.637578 0.025654 0.174375
0 0.591367 0.669141 0.019746 0.107656
0 0.617373 0.656758 0.018828 0.099609
0 0.640449 0.654453 0.015879 0.102031
0 0.046372 0.586875 0.009170 0.065156
0 0.061392 0.557500 0.009014 0.085938
0 0.126968 0.592578 0.022100 0.133594
7 0.028062 0.599883 0.008506 0.126953
6 0.070444 0.587070 0.005654 0.127266
7 0.309956 0.531602 0.006221 0.093672
7 0.431611 0.611836 0.006621 0.138828
6 0.492222 0.636875 0.004971 0.108125
6 0.498110 0.638047 0.004111 0.102031
