6 0.069048 0.543320 0.004053 0.095078
7 0.971079 0.744531 0.014287 0.428125
7 0.978633 0.585977 0.005547 0.147266
7 0.972119 0.565156 0.004629 0.151094
0 0.493779 0.861680 0.032285 0.262578
0 0.503027 0.778711 0.028711 0.190234
0 0.502896 0.651719 0.027178 0.233906
0 0.543120 0.675117 0.019326 0.108828
0 0.592427 0.670547 0.020264 0.110313
0 0.633779 0.655234 0.017070 0.115469
0 0.182739 0.580859 0.014658 0.103281
0 0.061392 0.557500 0.009014 0.085938
0 0.126968 0.592578 0.022100 0.133594
6 0.054805 0.540781 0.004102 0.100313
7 0.252812 0.554844 0.005000 0.068438
7 0.384575 0.501758 0.005811 0.084609
6 0.515425 0.650508 0.004971 0.111484
6 0.522417 0.644141 0.005283 0.108594
