7 0.012856 0.568320 0.006357 0.157578
6 0.075347 0.565156 0.004053 0.095156
0 0.493677 0.862852 0.034443 0.266797
0 0.503027 0.778711 0.028711 0.190234
0 0.553784 0.641992 0.026494 0.179766
0 0.590762 0.669180 0.019473 0.112734
0 0.617651 0.656758 0.019385 0.103672
0 0.640537 0.654453 0.016055 0.102031
0 0.054766 0.588164 0.014961 0.106641
0 0.061392 0.557500 0.009014 0.085938
0 0.126968 0.592578 0.022100 0.133594
7 0.021035 0.606953 0.008516 0.128750
6 0.068184 0.565586 0.005645 0.127266
7 0.297144 0.537656 0.005693 0.072500
7 0.416123 0.576641 0.006504 0.111719
6 0.497334 0.636875 0.004980 0.108125
6 0.502686 0.638047 0.004102 0.102031
