6 0.069048 0.543320 0.004053 0.095078
7 0.991436 0.678672 0.008926 0.343125
7 0.973159 0.565156 0.005166 0.147188
0 0.493779 0.856875 0.032285 0.272187
0 0.503027 0.778711 0.028711 0.190234
0 0.521631 0.640391 0.026367 0.199531
0 0.565562 0.668477 0.018838 0.115078
0 0.608530 0.663516 0.020264 0.110312
0 0.640767 0.652773 0.016768 0.110547
0 0.144395 0.596172 0.023164 0.121563
0 0.061392 0.557500 0.009014 0.085938
0 0.126968 0.592578 0.022100 0.133594
6 0.055503 0.547109 0.004717 0.108906
7 0.262275 0.551641 0.005000 0.068437
7 0.390942 0.517813 0.006104 0.094062
6 0.510449 0.646758 0.004980 0.110547
6 0.517520 0.641875 0.005293 0.108594
