6 0.069048 0.543320 0.004053 0.095078
7 0.958267 0.774727 0.016221 0.418516
7 0.980908 0.579531 0.005625 0.147187
7 0.975186 0.561875 0.004629 0.151094
0 0.493779 0.863437 0.032285 0.259062
0 0.503027 0.778711 0.028711 0.190234
0 0.496187 0.657734 0.027979 0.250312
0 0.534858 0.672773 0.020283 0.108828
0 0.584790 0.672852 0.020264 0.110234
0 0.629687 0.657031 0.017188 0.117188
0 0.193906 0.574219 0.013809 0.095625
0 0.061392 0.557500 0.009014 0.085938
0 0.126968 0.592578 0.022100 0.133594
6 0.054551 0.538477 0.003887 0.097266
7 0.382700 0.497305 0.005693 0.081172
6 0.517231 0.651875 0.004971 0.111719
6 0.524390 0.644531 0.005283 0.108594
