6 0.079521 0.571094 0.004668 0.098906
0 0.493628 0.865898 0.035400 0.263672
0 0.503027 0.778711 0.028711 0.190234
0 0.557920 0.636172 0.025547 0.174375
0 0.591328 0.668242 0.019805 0.106641
0 0.617319 0.656797 0.018721 0.098750
0 0.640435 0.654453 0.015850 0.102031
0 0.045571 0.587227 0.009170 0.065234
0 0.061392 0.557500 0.009014 0.085938
0 0.126968 0.592578 0.022100 0.133594
7 0.028770 0.601016 0.008516 0.126875
6 0.072329 0.584219 0.005654 0.127188
7 0.312607 0.530898 0.006211 0.098828
7 0.435562 0.617031 0.006729 0.147188
6 0.491816 0.641563 0.004980 0.108594
6 0.497197 0.638047 0.004102 0.102031
