6 0.069048 0.543320 0.004053 0.095078
7 0.881611 0.825000 0.034512 0.350000
7 0.983130 0.576211 0.004912 0.147266
0 0.493779 0.868242 0.032285 0.249453
0 0.503027 0.778711 0.028711 0.190234
0 0.477739 0.674375 0.030166 0.295469
0 0.514302 0.673945 0.017783 0.111953
0 0.564668 0.668477 0.022051 0.110234
0 0.614883 0.665391 0.018984 0.111875
0 0.218135 0.565117 0.011445 0.074453
0 0.061392 0.557500 0.009014 0.085938
0 0.126968 0.592578 0.022100 0.133594
6 0.055449 0.535312 0.003770 0.095625
7 0.377549 0.485156 0.005410 0.071719
6 0.524194 0.656094 0.004971 0.109219
6 0.531362 0.642031 0.005283 0.108594
