7 0.006074 0.583633 0.006367 0.189453
6 0.072280 0.565664 0.004053 0.095078
0 0.493701 0.861094 0.033887 0.268594
0 0.503027 0.778711 0.028711 0.190234
0 0.548809 0.643828 0.027227 0.186094
0 0.589795 0.666133 0.019277 0.116328
0 0.617842 0.656719 0.019766 0.106563
0 0.640596 0.654453 0.016172 0.102031
0 0.067871 0.590469 0.019727 0.139062
0 0.061392 0.557500 0.009014 0.085938
0 0.126968 0.592578 0.022100 0.133594
7 0.016362 0.628789 0.008506 0.141641
6 0.065112 0.558281 0.005654 0.127187
7 0.288804 0.543125 0.005010 0.068438
7 0.407715 0.557344 0.006504 0.107031
6 0.500498 0.639258 0.004980 0.108672
6 0.506392 0.638711 0.004463 0.103984
