7 0.013921 0.565664 0.006357 0.152266
6 0.075859 0.565156 0.004063 0.095156
0 0.493667 0.863086 0.034521 0.266484
0 0.503027 0.778711 0.028711 0.190234
0 0.554497 0.641719 0.026396 0.178906
0 0.590894 0.669648 0.019502 0.112266
0 0.617622 0.656719 0.019326 0.103281
0 0.640527 0.654453 0.016035 0.102031
0 0.053428 0.587930 0.014238 0.101484
0 0.061392 0.557500 0.009014 0.085938
0 0.126968 0.592578 0.022100 0.133594
7 0.021704 0.603828 0.008506 0.126875
6 0.068750 0.566680 0.005645 0.127266
7 0.298325 0.536445 0.005869 0.073516
7 0.417568 0.580391 0.006504 0.114063
6 0.496958 0.637695 0.004971 0.108203
6 0.502231 0.638047 0.004111 0.102031
