6 0.069048 0.543320 0.004053 0.095078
7 0.919458 0.793516 0.030654 0.412969
7 0.982339 0.576992 0.004912 0.147266
0 0.493779 0.866484 0.032285 0.252969
0 0.503027 0.778711 0.028711 0.190234
0 0.484443 0.668320 0.029375 0.279141
0 0.520195 0.666875 0.018945 0.108750
0 0.572251 0.671992 0.021260 0.110234
0 0.620537 0.660977 0.019238 0.115391
0 0.209980 0.568281 0.012305 0.082187
0 0.061392 0.557500 0.009014 0.085938
0 0.126968 0.592578 0.022100 0.133594
6 0.054990 0.536172 0.003770 0.095625
7 0.379419 0.489609 0.005518 0.075156
6 0.521392 0.654492 0.004971 0.110547
6 0.528828 0.642969 0.005293 0.108594
