6 0.069048 0.543320 0.004053 0.095078
7 0.939780 0.782852 0.022979 0.431172
7 0.981753 0.577578 0.004912 0.147187
7 0.978252 0.555977 0.004629 0.151172
0 0.493779 0.865156 0.032285 0.255625
0 0.503027 0.778711 0.028711 0.190234
0 0.489473 0.663789 0.028770 0.266797
0 0.525547 0.668438 0.019551 0.108750
0 0.577480 0.673203 0.020664 0.110313
0 0.624453 0.659297 0.018359 0.116094
0 0.203394 0.570078 0.012939 0.087969
0 0.061392 0.557500 0.009014 0.085938
0 0.126968 0.592578 0.022100 0.133594
6 0.054648 0.536875 0.003770 0.095625
7 0.380825 0.492930 0.005596 0.077734
6 0.519287 0.653281 0.004980 0.111719
6 0.526924 0.643633 0.005293 0.108672
