6 0.069048 0.543320 0.004053 0.095078
7 0.995762 0.665430 0.008457 0.361797
7 0.971069 0.570078 0.005166 0.147188
0 0.493779 0.856289 0.032363 0.273672
0 0.503027 0.778711 0.028711 0.190234
0 0.526953 0.641172 0.027148 0.197969
0 0.571177 0.670508 0.018838 0.119766
0 0.611802 0.661406 0.020264 0.110313
0 0.640742 0.653047 0.016680 0.109219
0 0.133081 0.599531 0.025869 0.124531
0 0.061392 0.557500 0.009014 0.085938
0 0.126968 0.592578 0.022100 0.133594
6 0.056357 0.549805 0.004883 0.113203
7 0.265894 0.548125 0.005010 0.068438
7 0.392749 0.522422 0.006182 0.096719
6 0.509092 0.645742 0.004980 0.110234
6 0.516187 0.641250 0.005283 0.108594
