6 0.069048 0.543320 0.004053 0.095078
7 0.983550 0.718867 0.010244 0.366016
7 0.975288 0.577578 0.005166 0.147187
7 0.965498 0.563828 0.004629 0.151094
0 0.493779 0.859062 0.032285 0.267813
0 0.503027 0.778711 0.028711 0.190234
0 0.512954 0.642617 0.025986 0.209297
0 0.554478 0.672539 0.018838 0.108828
0 0.603071 0.666992 0.020264 0.110234
0 0.638530 0.653398 0.016904 0.112734
0 0.163911 0.592500 0.017686 0.112344
0 0.061392 0.557500 0.009014 0.085938
0 0.126968 0.592578 0.022100 0.133594
6 0.055186 0.544219 0.004434 0.105000
7 0.257197 0.559219 0.005000 0.068437
7 0.387925 0.510117 0.005967 0.089766
6 0.512710 0.648438 0.004971 0.110937
6 0.519746 0.642891 0.005293 0.108594
