6 0.069048 0.543320 0.004053 0.095078
7 0.967144 0.570508 0.005166 0.144922
0 0.493760 0.857305 0.032676 0.272578
0 0.503027 0.778711 0.028711 0.190234
0 0.532637 0.641172 0.028105 0.197969
0 0.577090 0.673164 0.018867 0.123984
0 0.614321 0.659531 0.020264 0.110313
0 0.640713 0.653398 0.016563 0.107422
0 0.119453 0.606094 0.022266 0.124531
0 0.061392 0.557500 0.009014 0.085938
0 0.126968 0.592578 0.022100 0.133594
7 0.003027 0.653125 0.006055 0.231094
6 0.057939 0.551875 0.005098 0.117969
7 0.270713 0.547031 0.005000 0.068438
7 0.395166 0.528594 0.006289 0.100156
6 0.507285 0.644375 0.004980 0.110000
6 0.514404 0.640430 0.005293 0.108672
