6 0.069048 0.543320 0.004053 0.095078
7 0.835327 0.848828 0.028857 0.302344
7 0.983716 0.575625 0.004912 0.147187
0 0.493779 0.869531 0.032285 0.246875
0 0.503027 0.778711 0.028711 0.190234
0 0.472705 0.678906 0.030762 0.307812
0 0.509775 0.681016 0.016621 0.115156
0 0.557412 0.670820 0.025410 0.110234
0 0.610132 0.666680 0.018975 0.105703
0 0.223081 0.555469 0.010811 0.068750
0 0.061392 0.557500 0.009014 0.085938
0 0.126968 0.592578 0.022100 0.133594
6 0.055791 0.534609 0.003770 0.095625
7 0.376143 0.481836 0.005332 0.069141
6 0.526299 0.657344 0.004980 0.108125
6 0.533267 0.641367 0.005283 0.108672
