2 0.023604 0.483906 0.009277 0.134844
2 0.050547 0.514219 0.034941 0.251563
0 0.042197 0.680547 0.022109 0.187031
0 0.020000 0.576680 0.010039 0.077578
0 0.005366 0.646758 0.010732 0.148047
0 0.997295 0.623125 0.005410 0.188594
0 0.347822 0.931758 0.061133 0.131172
0 0.968179 0.672930 0.023994 0.291641
0 0.504810 0.833867 0.039795 0.332266
0 0.505825 0.631445 0.018643 0.104766
0 0.466890 0.718789 0.021982 0.184453
7 0.594194 0.476094 0.004170 0.071406
7 0.582588 0.511797 0.004902 0.096562
7 0.606436 0.598477 0.007285 0.185391
0 0.985439 0.556055 0.010938 0.121016
0 0.522676 0.613711 0.010234 0.136172
0 0.578403 0.757695 0.067412 0.468516
0 0.480195 0.627773 0.011758 0.105703
