0 0.479546 0.670234 0.014561 0.187656
0 0.762017 0.521406 0.014912 0.146406
0 0.506216 0.683984 0.013057 0.145312
0 0.008105 0.660781 0.016211 0.265469
0 0.020742 0.578437 0.009883 0.102813
0 0.196938 0.653398 0.012705 0.137734
0 0.228594 0.750742 0.018594 0.207891
0 0.239526 0.628594 0.009268 0.135937
0 0.246968 0.520625 0.012295 0.068906
0 0.038472 0.691367 0.019736 0.228672
0 0.426563 0.871992 0.058203 0.256016
0 0.251660 0.699141 0.020801 0.264219
0 0.717124 0.607461 0.015615 0.128984
0 0.784468 0.636055 0.023838 0.208984
