7 0.543198 0.581602 0.004541 0.058828
6 0.123833 0.668906 0.008916 0.292813
6 0.567227 0.767578 0.010098 0.344531
6 0.555444 0.716836 0.007080 0.246484
6 0.575513 0.699922 0.006494 0.272344
6 0.580591 0.725781 0.006553 0.307656
0 0.434712 0.608398 0.016514 0.113984
0 0.444722 0.814258 0.040498 0.361797
6 0.295303 0.576719 0.005371 0.184219
7 0.315659 0.578984 0.008857 0.110156
0 0.403179 0.580313 0.016436 0.146406
6 0.401948 0.568594 0.004131 0.117344
0 0.468872 0.644258 0.018389 0.148828
0 0.978311 0.525352 0.007695 0.082422
0 0.513486 0.815625 0.043145 0.368750
6 0.525923 0.574609 0.002939 0.079688
