0 0.481997 0.622266 0.011377 0.099219
2 0.017568 0.462852 0.007383 0.108516
2 0.029746 0.496133 0.015645 0.177109
0 0.019229 0.564062 0.009492 0.092656
0 0.011118 0.520078 0.007197 0.048594
0 0.007495 0.699766 0.014990 0.222344
0 0.995474 0.679453 0.009053 0.256719
0 0.054893 0.762695 0.033281 0.265234
0 0.871348 0.811484 0.109160 0.377031
0 0.504810 0.833867 0.039795 0.332266
0 0.505825 0.631445 0.018643 0.104766
0 0.354917 0.914492 0.078584 0.171016
7 0.575483 0.571016 0.004404 0.119687
0 0.978330 0.592852 0.017461 0.200859
0 0.516582 0.568047 0.007598 0.085000
0 0.529512 0.627500 0.015508 0.238125
0 0.460010 0.747773 0.030176 0.277109
