0 0.981865 0.559883 0.014180 0.151797
0 0.973706 0.525508 0.010049 0.085078
0 0.450342 0.788672 0.031738 0.278906
0 0.483794 0.627266 0.009678 0.088750
2 0.012251 0.455352 0.006357 0.083828
2 0.018467 0.466484 0.008281 0.113594
0 0.011328 0.505859 0.005078 0.052344
0 0.006904 0.491484 0.005078 0.032031
0 0.010161 0.795586 0.020322 0.374453
0 0.993193 0.749922 0.013613 0.341875
0 0.022476 0.585117 0.013252 0.097266
0 0.536372 0.705352 0.024561 0.275859
0 0.504810 0.833867 0.039795 0.332266
0 0.505825 0.631445 0.018643 0.104766
0 0.040718 0.685234 0.026045 0.234219
7 0.594995 0.477656 0.002197 0.079063
0 0.923608 0.743164 0.068936 0.510547
0 0.517363 0.567422 0.008398 0.104531
0 0.127065 0.891523 0.083232 0.213047
