0 0.984600 0.479687 0.005684 0.051719
0 0.991372 0.501992 0.007002 0.072891
6 0.958560 0.508906 0.002588 0.113438
6 0.961436 0.509922 0.002578 0.112656
0 0.507339 0.582422 0.006045 0.070469
7 0.401113 0.551602 0.004219 0.058828
7 0.316514 0.533359 0.007480 0.112656
6 0.529614 0.588477 0.003525 0.081641
6 0.298975 0.778203 0.010937 0.400313
6 0.778311 0.832500 0.012969 0.324219
6 0.677471 0.772461 0.011426 0.437109
6 0.736128 0.808242 0.012334 0.383516
6 0.785195 0.780078 0.009902 0.434844
0 0.380947 0.570312 0.014805 0.077187
6 0.381504 0.645195 0.005371 0.191641
7 0.446211 0.614570 0.008848 0.110078
6 0.316860 0.532891 0.004131 0.097969
0 0.547256 0.765391 0.029043 0.252031
0 0.513486 0.815625 0.043145 0.368750
6 0.536743 0.585586 0.002939 0.103828
