0 0.983794 0.542578 0.011787 0.136562
0 0.966831 0.678906 0.026182 0.295781
0 0.949985 0.609258 0.018525 0.192422
0 0.245015 0.956641 0.065791 0.086719
0 0.469165 0.703164 0.018213 0.168672
0 0.485713 0.597852 0.007832 0.086328
2 0.008682 0.453320 0.005840 0.066797
2 0.013965 0.458594 0.006172 0.091562
0 0.008579 0.493164 0.004229 0.041953
0 0.004316 0.475469 0.003945 0.025938
0 0.012163 0.811602 0.024326 0.376797
0 0.991602 0.799219 0.016797 0.401563
0 0.014541 0.531133 0.008164 0.052109
0 0.520786 0.604258 0.010967 0.125547
0 0.504810 0.833867 0.039795 0.332266
0 0.505825 0.631445 0.018643 0.104766
0 0.023105 0.579453 0.012812 0.114531
0 0.563784 0.755781 0.053389 0.467344
0 0.515527 0.538281 0.006445 0.057812
0 0.036958 0.665820 0.023350 0.194922
