0 0.486045 0.659687 0.011562 0.136875
0 0.740552 0.515820 0.012432 0.132734
0 0.506299 0.685664 0.013047 0.147266
0 0.008159 0.661484 0.016318 0.266875
0 0.025195 0.608203 0.013477 0.150781
0 0.217817 0.673086 0.012705 0.137734
0 0.262593 0.764961 0.019717 0.209141
0 0.257378 0.634141 0.010420 0.128906
0 0.258784 0.539687 0.012295 0.068906
0 0.068979 0.827891 0.047881 0.311875
0 0.465454 0.799687 0.028662 0.285781
0 0.281484 0.698242 0.022637 0.257422
0 0.693296 0.607383 0.015107 0.128984
0 0.752061 0.645273 0.018965 0.208984
