0 0.969219 0.623984 0.020840 0.248906
0 0.753525 0.849844 0.124512 0.300312
0 0.708086 0.817969 0.084277 0.364062
0 0.050342 0.721602 0.027051 0.247422
0 0.399463 0.886680 0.066113 0.220234
0 0.474336 0.665156 0.016387 0.146406
2 0.005898 0.450195 0.004609 0.050703
2 0.010464 0.454258 0.004912 0.076016
0 0.005835 0.480469 0.003369 0.031563
0 0.001563 0.475469 0.003125 0.025938
0 0.012695 0.813594 0.025391 0.372812
0 0.991602 0.799219 0.016797 0.401563
0 0.010605 0.506172 0.005098 0.044688
0 0.516118 0.555195 0.006084 0.070547
0 0.504810 0.833867 0.039795 0.332266
0 0.505825 0.631445 0.018643 0.104766
0 0.015571 0.538672 0.007998 0.075937
0 0.523848 0.606055 0.014160 0.186797
0 0.023208 0.580742 0.011162 0.118828
