7 0.534932 0.581602 0.004551 0.058828
6 0.128735 0.666133 0.008916 0.292734
6 0.574570 0.795508 0.010098 0.366797
6 0.562095 0.705703 0.007080 0.274531
6 0.581108 0.716797 0.006494 0.311719
6 0.585132 0.742695 0.006553 0.358359
0 0.424893 0.607617 0.016523 0.113984
0 0.418989 0.837695 0.059072 0.324609
6 0.299854 0.576719 0.005371 0.184219
7 0.340503 0.587383 0.008857 0.110078
0 0.418042 0.591562 0.018896 0.146406
6 0.392695 0.561055 0.004141 0.136172
0 0.472222 0.671055 0.019619 0.168828
0 0.978628 0.535781 0.009053 0.103594
0 0.513486 0.815625 0.043145 0.368750
6 0.527534 0.580469 0.002939 0.087187
