0 0.994365 0.515898 0.008145 0.103672
6 0.960693 0.507109 0.002598 0.104375
6 0.963828 0.505117 0.002578 0.101641
0 0.518936 0.593203 0.016230 0.104687
7 0.446035 0.566953 0.004551 0.058750
7 0.423843 0.593125 0.006064 0.092187
6 0.535522 0.589492 0.003525 0.081641
6 0.226592 0.765664 0.012168 0.408828
6 0.673423 0.829453 0.011357 0.330625
6 0.622998 0.764570 0.010117 0.391953
6 0.657979 0.793125 0.011621 0.379375
6 0.689131 0.788164 0.009902 0.423672
0 0.381621 0.565937 0.014805 0.077187
6 0.350293 0.623320 0.005371 0.191641
7 0.444829 0.622422 0.008857 0.110156
6 0.330806 0.545625 0.004131 0.097969
0 0.025508 0.646836 0.026035 0.243359
0 0.712554 0.946172 0.070791 0.107656
0 0.513486 0.815625 0.043145 0.368750
6 0.535435 0.587383 0.002939 0.103828
