0 0.977700 0.519805 0.006885 0.064922
0 0.942363 0.757500 0.052773 0.483438
0 0.556445 0.798398 0.046348 0.384766
0 0.581328 0.724922 0.024902 0.290781
0 0.035088 0.635234 0.018906 0.159375
0 0.190596 0.934336 0.074492 0.131328
0 0.460273 0.758047 0.024062 0.238125
2 0.004414 0.448516 0.003945 0.042031
2 0.008882 0.451836 0.004619 0.068203
0 0.004395 0.475000 0.003027 0.027344
0 0.012695 0.813594 0.025391 0.372812
0 0.991602 0.799219 0.016797 0.401563
0 0.008638 0.496992 0.004326 0.038828
0 0.514048 0.537305 0.003350 0.048828
0 0.504810 0.833867 0.039795 0.332266
0 0.505825 0.631445 0.018643 0.104766
0 0.013018 0.520977 0.006328 0.061953
0 0.518945 0.578359 0.011055 0.133437
0 0.018687 0.553477 0.008818 0.087578
