7 0.541543 0.581602 0.004551 0.058828
6 0.124814 0.668359 0.008906 0.292813
6 0.568691 0.773164 0.010098 0.348984
6 0.556772 0.714648 0.007080 0.252109
6 0.576636 0.703320 0.006494 0.280234
6 0.581499 0.729180 0.006553 0.317734
0 0.432749 0.608242 0.016514 0.113984
0 0.439575 0.818945 0.044209 0.354297
6 0.296211 0.576719 0.005371 0.184219
7 0.320630 0.580664 0.008857 0.110078
0 0.406147 0.582578 0.016924 0.146406
6 0.400103 0.567070 0.004131 0.121172
0 0.469541 0.649609 0.018633 0.152813
0 0.978374 0.527461 0.007959 0.086641
0 0.513486 0.815625 0.043145 0.368750
6 0.526245 0.575781 0.002939 0.081250
