0 0.481055 0.627734 0.012109 0.107031
2 0.016812 0.460234 0.007158 0.105313
2 0.028623 0.493164 0.014902 0.170703
0 0.018433 0.558242 0.009053 0.088672
0 0.010317 0.514531 0.006846 0.045000
0 0.007764 0.709336 0.015527 0.237578
0 0.995244 0.686523 0.009512 0.265234
0 0.047661 0.727500 0.025967 0.220000
0 0.821709 0.831758 0.121523 0.336484
0 0.504810 0.833867 0.039795 0.332266
0 0.505825 0.631445 0.018643 0.104766
0 0.296670 0.931914 0.086055 0.136172
7 0.575796 0.565195 0.004346 0.114141
0 0.977129 0.600430 0.018398 0.213516
0 0.516318 0.563203 0.007246 0.080781
0 0.527153 0.615312 0.013467 0.214688
0 0.453291 0.784062 0.033965 0.308906
