6 0.963198 0.505000 0.002588 0.093750
7 0.505156 0.579922 0.004551 0.058750
7 0.532983 0.592422 0.004873 0.068437
6 0.152368 0.702695 0.007959 0.339141
6 0.599990 0.814414 0.010098 0.350703
6 0.581909 0.726758 0.008096 0.313672
6 0.603828 0.742852 0.008203 0.334297
6 0.610566 0.769492 0.008086 0.397266
0 0.400410 0.594688 0.015586 0.093750
0 0.068506 0.809141 0.061895 0.370469
6 0.314482 0.591094 0.005371 0.186250
7 0.402271 0.601680 0.008857 0.110078
0 0.473950 0.612344 0.017100 0.131875
6 0.364814 0.557109 0.004141 0.097969
0 0.450479 0.819453 0.042422 0.336875
0 0.979946 0.590469 0.017100 0.189531
0 0.513486 0.815625 0.043145 0.368750
6 0.531733 0.592500 0.002939 0.103750
