6 0.962681 0.505391 0.002588 0.095938
7 0.492686 0.579023 0.004551 0.058828
7 0.515923 0.590078 0.005400 0.078906
6 0.166284 0.717773 0.009131 0.358203
6 0.610459 0.822188 0.010098 0.344063
6 0.590068 0.735391 0.008516 0.329844
6 0.613184 0.753594 0.008906 0.343594
6 0.622163 0.777539 0.008721 0.413359
0 0.392334 0.586992 0.014980 0.080859
0 0.034604 0.690820 0.029521 0.264609
6 0.321758 0.598555 0.005371 0.188047
7 0.419346 0.613867 0.008848 0.110078
0 0.498862 0.620664 0.015947 0.122578
6 0.357163 0.554063 0.004131 0.097969
0 0.406572 0.852500 0.077598 0.274531
0 0.974888 0.644766 0.021982 0.231094
0 0.513486 0.815625 0.043145 0.368750
6 0.532495 0.591445 0.002939 0.103828
