0 0.984517 0.541250 0.011006 0.127656
0 0.970532 0.654219 0.023232 0.264219
0 0.954443 0.594414 0.016680 0.166797
0 0.308193 0.951758 0.064121 0.096484
0 0.471377 0.692187 0.016953 0.156875
0 0.486934 0.592578 0.007285 0.080781
2 0.009155 0.453594 0.005908 0.069062
2 0.014438 0.459180 0.006338 0.093672
0 0.008945 0.494844 0.004336 0.043281
0 0.004663 0.477578 0.004092 0.026719
0 0.011895 0.810625 0.023789 0.378750
0 0.991714 0.795742 0.016572 0.397266
0 0.015068 0.534492 0.008574 0.053047
0 0.521626 0.609688 0.012021 0.148438
0 0.504810 0.833867 0.039795 0.332266
0 0.505825 0.631445 0.018643 0.104766
0 0.024292 0.587070 0.014072 0.124297
0 0.577441 0.761992 0.068164 0.476016
0 0.515527 0.540312 0.006445 0.061875
0 0.041230 0.687617 0.027344 0.219141
