6 0.962974 0.505156 0.002588 0.094687
7 0.499814 0.579531 0.004551 0.058750
7 0.526001 0.590898 0.005107 0.073047
6 0.157935 0.709180 0.008311 0.347266
6 0.604473 0.817773 0.010098 0.347891
6 0.585405 0.730430 0.008271 0.320547
6 0.607837 0.747461 0.008506 0.338203
6 0.615054 0.774219 0.008369 0.404219
0 0.396948 0.591367 0.015322 0.088203
0 0.050986 0.764687 0.043242 0.335156
6 0.317598 0.594297 0.005371 0.187031
7 0.411040 0.606992 0.008857 0.110078
0 0.484629 0.615898 0.016602 0.127891
6 0.361538 0.555781 0.004131 0.097969
0 0.435903 0.833789 0.056787 0.321328
0 0.978325 0.611563 0.019189 0.207344
0 0.513486 0.815625 0.043145 0.368750
6 0.532061 0.592070 0.002949 0.103828
