0 0.959624 0.581367 0.014424 0.149453
0 0.746372 0.859453 0.093037 0.281094
0 0.601338 0.763711 0.086777 0.472578
0 0.523018 0.620586 0.013184 0.134453
0 0.535889 0.589883 0.009707 0.112422
0 0.020903 0.562305 0.010400 0.100391
0 0.044790 0.698125 0.025928 0.223125
0 0.326050 0.947031 0.072314 0.105938
0 0.012695 0.813594 0.025391 0.372812
0 0.991602 0.799219 0.016797 0.401563
0 0.005220 0.481953 0.003213 0.028125
0 0.504810 0.833867 0.039795 0.332266
0 0.505825 0.631445 0.018643 0.104766
0 0.009116 0.496641 0.003447 0.036406
0 0.514985 0.546836 0.005947 0.079766
0 0.012979 0.520156 0.006289 0.059531
