0 0.991924 0.507305 0.007480 0.089453
6 0.960249 0.507500 0.002588 0.106250
6 0.963330 0.506094 0.002578 0.103906
0 0.515498 0.590391 0.011660 0.098750
7 0.435859 0.563164 0.004551 0.058828
7 0.401108 0.579688 0.005928 0.096875
6 0.533711 0.588398 0.003535 0.081641
6 0.241748 0.771758 0.011758 0.409766
6 0.693325 0.830859 0.011787 0.328906
6 0.632905 0.763516 0.010479 0.405781
6 0.670571 0.803906 0.012236 0.387344
6 0.706348 0.792344 0.009902 0.415312
0 0.381479 0.566836 0.014814 0.077109
6 0.356748 0.627852 0.005371 0.191641
7 0.446909 0.623047 0.008857 0.110156
6 0.327520 0.544609 0.004141 0.097969
0 0.014609 0.599180 0.018320 0.197266
0 0.606367 0.879844 0.081797 0.209375
0 0.513486 0.815625 0.043145 0.368750
6 0.536089 0.586523 0.002939 0.103828
