0 0.998252 0.559492 0.003496 0.097109
6 0.961431 0.506484 0.002588 0.101250
0 0.531064 0.597187 0.017480 0.116719
7 0.462993 0.573281 0.004541 0.058750
7 0.461372 0.595195 0.006045 0.098203
6 0.201772 0.754375 0.012588 0.404531
6 0.645918 0.830977 0.010664 0.333359
6 0.609888 0.756406 0.009521 0.368906
6 0.639170 0.776953 0.010625 0.366094
6 0.660435 0.781211 0.009893 0.437578
0 0.384980 0.573516 0.014805 0.077187
0 0.004687 0.526719 0.009375 0.156875
6 0.339531 0.615781 0.005371 0.191719
7 0.439604 0.614805 0.008857 0.110078
6 0.339302 0.547344 0.004131 0.097969
0 0.064185 0.780391 0.057822 0.379063
0 0.909937 0.854219 0.081670 0.257188
0 0.513486 0.815625 0.043145 0.368750
6 0.534346 0.588867 0.002949 0.103828
