2 0.024360 0.486523 0.009502 0.138203
2 0.054058 0.516133 0.037627 0.262266
0 0.047695 0.708359 0.024277 0.214375
0 0.021113 0.583789 0.010391 0.081172
0 0.005098 0.640586 0.010195 0.139609
0 0.997524 0.616055 0.004951 0.180078
0 0.391260 0.902187 0.057480 0.179531
0 0.971230 0.655703 0.021035 0.262031
0 0.504810 0.833867 0.039795 0.332266
0 0.505825 0.631445 0.018643 0.104766
0 0.470186 0.702344 0.019434 0.155313
7 0.592129 0.481328 0.004316 0.075000
7 0.580659 0.517969 0.005303 0.098594
7 0.615610 0.601602 0.008213 0.194453
0 0.986011 0.554492 0.010244 0.113828
0 0.523916 0.620117 0.010859 0.143047
0 0.599658 0.758164 0.093086 0.483672
0 0.481665 0.619609 0.010713 0.092812
