2 0.023979 0.485195 0.009385 0.136484
2 0.052305 0.515195 0.036289 0.256953
0 0.044946 0.694414 0.023193 0.200703
0 0.020557 0.580234 0.010215 0.079375
0 0.005229 0.643672 0.010459 0.143906
0 0.997407 0.619609 0.005186 0.184375
0 0.369536 0.916953 0.059307 0.155312
0 0.969707 0.664297 0.022520 0.276875
0 0.504810 0.833867 0.039795 0.332266
0 0.505825 0.631445 0.018643 0.104766
0 0.468652 0.710859 0.020898 0.167031
7 0.593164 0.478711 0.004238 0.073203
7 0.581621 0.514883 0.005098 0.097578
7 0.611021 0.600039 0.007744 0.189922
0 0.985723 0.555273 0.010586 0.117422
0 0.523164 0.617344 0.010508 0.140312
0 0.587559 0.762031 0.079180 0.475938
0 0.480928 0.623672 0.011230 0.099219
