0 0.481812 0.668750 0.013818 0.175000
0 0.756650 0.520000 0.014297 0.142969
0 0.506235 0.684414 0.013057 0.145859
0 0.008120 0.660937 0.016240 0.265781
0 0.021855 0.585898 0.010781 0.114766
0 0.202158 0.658320 0.012715 0.137734
0 0.236948 0.754531 0.018291 0.212031
0 0.243984 0.630000 0.009551 0.134219
0 0.249839 0.527188 0.012295 0.068906
0 0.042979 0.719258 0.024004 0.259453
0 0.438965 0.860078 0.049609 0.279844
0 0.259443 0.699414 0.021094 0.264766
0 0.711055 0.609023 0.015625 0.128984
0 0.776362 0.638398 0.022627 0.208984
