0 0.984805 0.480586 0.005723 0.052422
0 0.991797 0.502969 0.007031 0.074687
6 0.958628 0.508867 0.002588 0.113203
6 0.961523 0.509766 0.002578 0.112344
0 0.507676 0.582734 0.006152 0.071719
7 0.402544 0.552070 0.004150 0.058828
7 0.319785 0.533906 0.007480 0.112656
6 0.529761 0.588398 0.003525 0.081641
6 0.296528 0.778750 0.010928 0.401406
6 0.774346 0.833438 0.012969 0.324219
6 0.674873 0.770820 0.011426 0.437891
6 0.733013 0.808125 0.012334 0.383750
6 0.781680 0.780820 0.009902 0.433672
0 0.380972 0.570156 0.014814 0.077187
6 0.380420 0.644453 0.005371 0.191719
7 0.446211 0.614570 0.008848 0.110078
6 0.317241 0.533203 0.004131 0.097969
0 0.548218 0.770078 0.029912 0.255469
0 0.513486 0.815625 0.043145 0.368750
6 0.536743 0.585586 0.002939 0.103828
