6 0.962607 0.505469 0.002598 0.096250
7 0.490898 0.578867 0.004551 0.058828
7 0.512837 0.590820 0.005479 0.080234
6 0.168369 0.719922 0.009336 0.360938
6 0.611953 0.823320 0.010098 0.343203
6 0.591235 0.736602 0.008564 0.332109
6 0.614517 0.755117 0.009014 0.344922
6 0.624229 0.777578 0.008809 0.415625
0 0.391177 0.585938 0.014893 0.079063
0 0.031035 0.675938 0.027832 0.252812
6 0.322793 0.599648 0.005371 0.188359
7 0.421421 0.615586 0.008857 0.110078
0 0.498862 0.611289 0.015947 0.141328
6 0.356069 0.553594 0.004131 0.097969
0 0.393433 0.864531 0.082725 0.255625
0 0.974028 0.653047 0.022686 0.237031
0 0.513486 0.815625 0.043145 0.368750
6 0.532603 0.591289 0.002939 0.103828
