7 0.533281 0.581602 0.004551 0.058828
6 0.130122 0.668281 0.008857 0.295469
6 0.576064 0.796641 0.010098 0.365781
6 0.563257 0.706953 0.007139 0.276875
6 0.582446 0.718320 0.006592 0.313047
6 0.586631 0.744297 0.006641 0.360625
0 0.422925 0.607461 0.016514 0.113984
0 0.407231 0.845547 0.068447 0.308906
6 0.300557 0.577344 0.005371 0.184219
7 0.344395 0.587383 0.008848 0.110078
0 0.420835 0.592812 0.018896 0.146406
6 0.390845 0.565547 0.004131 0.127969
0 0.472187 0.678320 0.019238 0.177891
0 0.978691 0.537852 0.009336 0.107891
0 0.513486 0.815625 0.043145 0.368750
6 0.527856 0.581641 0.002939 0.088750
