0 0.986333 0.538008 0.009033 0.105234
0 0.975542 0.610898 0.019209 0.214609
0 0.965605 0.557305 0.012070 0.102578
0 0.398291 0.887461 0.062930 0.225078
0 0.476919 0.664727 0.013818 0.127422
0 0.489268 0.579414 0.005937 0.066953
2 0.010347 0.454258 0.006084 0.074766
2 0.015605 0.460586 0.006758 0.098828
0 0.009863 0.499102 0.004629 0.046797
0 0.005527 0.482930 0.004473 0.028828
0 0.011230 0.808164 0.022461 0.383672
0 0.992285 0.778086 0.015430 0.376016
0 0.017710 0.552500 0.010264 0.068125
0 0.524717 0.630820 0.016191 0.179922
0 0.504810 0.833867 0.039795 0.332266
0 0.505825 0.631445 0.018643 0.104766
0 0.027959 0.609844 0.017773 0.152813
0 0.710205 0.758242 0.128418 0.483516
0 0.515527 0.545469 0.006445 0.072187
0 0.058535 0.762930 0.037363 0.301953
