0 0.990288 0.501562 0.007041 0.080000
6 0.959956 0.507734 0.002588 0.107500
6 0.962998 0.506797 0.002578 0.105469
0 0.513721 0.588477 0.008105 0.094922
7 0.429072 0.560625 0.004551 0.058750
7 0.385952 0.570781 0.005830 0.100000
6 0.532505 0.587617 0.003525 0.081641
6 0.251855 0.775820 0.011484 0.410391
6 0.707729 0.832500 0.012061 0.327813
6 0.639517 0.762813 0.010713 0.415000
6 0.680752 0.806016 0.012324 0.387969
6 0.718467 0.793711 0.009902 0.412266
0 0.381387 0.567422 0.014805 0.077187
6 0.361055 0.630859 0.005371 0.191719
7 0.446655 0.619961 0.008857 0.110078
6 0.325327 0.543984 0.004131 0.097969
0 0.008940 0.575430 0.013369 0.166328
0 0.580962 0.857305 0.063154 0.253828
0 0.513486 0.815625 0.043145 0.368750
6 0.536523 0.585898 0.002949 0.103828
