0 0.979546 0.576250 0.016006 0.174844
0 0.969653 0.541406 0.011064 0.093906
0 0.430483 0.850547 0.048135 0.298906
0 0.481353 0.642773 0.011299 0.103828
0 0.490269 0.568828 0.004854 0.055937
2 0.011299 0.454805 0.006230 0.079297
2 0.016538 0.461758 0.007100 0.103047
0 0.010596 0.502461 0.004844 0.049609
0 0.006216 0.487187 0.004775 0.030469
0 0.010698 0.806172 0.021396 0.387656
0 0.992739 0.764023 0.014521 0.358984
0 0.020093 0.568828 0.011768 0.082656
0 0.529473 0.662773 0.018555 0.214766
0 0.504810 0.833867 0.039795 0.332266
0 0.505825 0.631445 0.018643 0.104766
0 0.033159 0.639805 0.022432 0.189297
0 0.866313 0.751250 0.106084 0.495781
0 0.516313 0.555469 0.007275 0.087188
0 0.083701 0.831289 0.055840 0.308516
