0 0.975698 0.528125 0.007686 0.075000
0 0.951533 0.622773 0.012754 0.158828
0 0.913149 0.755547 0.075518 0.488906
0 0.544731 0.765625 0.034521 0.352031
0 0.564243 0.682695 0.019990 0.238672
0 0.031055 0.613633 0.015820 0.137734
0 0.121191 0.881406 0.085547 0.231563
0 0.449980 0.812031 0.032910 0.304531
0 0.003887 0.474453 0.003027 0.027344
0 0.012695 0.813594 0.025391 0.372812
0 0.991602 0.799219 0.016797 0.401563
0 0.007905 0.493750 0.004092 0.036563
0 0.504810 0.833867 0.039795 0.332266
0 0.505825 0.631445 0.018643 0.104766
0 0.012124 0.514414 0.005693 0.056797
0 0.517109 0.567930 0.009883 0.113516
0 0.017373 0.544375 0.008105 0.076250
