6 0.962163 0.505859 0.002588 0.098125
0 0.544634 0.605820 0.012334 0.105234
7 0.480210 0.578125 0.004541 0.058750
7 0.494312 0.595391 0.005869 0.088125
6 0.180894 0.732852 0.010557 0.377266
6 0.620923 0.830000 0.010088 0.337500
6 0.598232 0.744062 0.008926 0.345938
6 0.623628 0.763437 0.009619 0.352812
6 0.636592 0.778008 0.009355 0.429453
0 0.388345 0.581094 0.014814 0.077187
0 0.019146 0.626133 0.020010 0.198984
6 0.329033 0.606055 0.005371 0.189922
7 0.429243 0.615508 0.008857 0.110078
0 0.526304 0.611328 0.017705 0.141406
6 0.349507 0.550938 0.004131 0.097969
0 0.254087 0.901563 0.103096 0.196875
0 0.958755 0.744336 0.036006 0.338672
0 0.513486 0.815625 0.043145 0.368750
6 0.533257 0.590430 0.002939 0.103828
