0 0.974258 0.599336 0.016758 0.217109
0 0.890737 0.821836 0.094111 0.355078
0 0.833052 0.801172 0.078604 0.397656
0 0.068906 0.808984 0.038359 0.316406
0 0.428809 0.854805 0.048887 0.290391
0 0.478564 0.641523 0.012988 0.121016
2 0.006641 0.451016 0.004941 0.055000
2 0.011396 0.455430 0.005254 0.080234
0 0.006567 0.483867 0.003604 0.034297
0 0.002300 0.475469 0.003350 0.025938
0 0.012695 0.813594 0.025391 0.372812
0 0.991602 0.799219 0.016797 0.401563
0 0.011660 0.512813 0.005918 0.046719
0 0.517261 0.566680 0.007373 0.082266
0 0.504810 0.833867 0.039795 0.332266
0 0.505825 0.631445 0.018643 0.104766
0 0.017451 0.547930 0.008828 0.082891
0 0.527954 0.628359 0.018604 0.224219
0 0.026328 0.596797 0.012676 0.135312
