7 0.522979 0.581211 0.004551 0.058828
6 0.138467 0.681172 0.008516 0.311875
6 0.585039 0.803281 0.010098 0.360156
6 0.570254 0.714375 0.007500 0.290625
6 0.590464 0.727539 0.007197 0.321016
6 0.595605 0.753750 0.007188 0.374375
0 0.411948 0.605547 0.016436 0.112187
0 0.310752 0.899297 0.105957 0.201406
6 0.304766 0.581250 0.005371 0.184219
7 0.367720 0.587383 0.008857 0.110078
0 0.438369 0.600508 0.018730 0.145078
6 0.380757 0.563281 0.004131 0.122656
0 0.469424 0.721758 0.022090 0.232422
0 0.979072 0.550352 0.010977 0.133359
0 0.513486 0.815625 0.043145 0.368750
6 0.529790 0.588672 0.002939 0.097812
