7 0.510508 0.580313 0.004551 0.058750
7 0.539976 0.593984 0.004639 0.063906
6 0.148198 0.696250 0.008135 0.330937
6 0.595508 0.811094 0.010098 0.353594
6 0.578413 0.723008 0.007920 0.306797
6 0.599819 0.738242 0.007900 0.330234
6 0.606079 0.764766 0.007822 0.390469
0 0.403872 0.597930 0.015830 0.099297
0 0.109150 0.840273 0.088086 0.308203
6 0.311367 0.587891 0.005371 0.185469
7 0.392231 0.596328 0.008857 0.110156
0 0.463276 0.608789 0.017588 0.135859
6 0.369233 0.557305 0.004131 0.119766
0 0.461841 0.789883 0.030713 0.328047
0 0.979668 0.576992 0.015000 0.171641
0 0.513486 0.815625 0.043145 0.368750
6 0.531406 0.592930 0.002949 0.103828
