0 0.982734 0.554766 0.013496 0.143125
0 0.975732 0.517578 0.009551 0.080781
0 0.456445 0.756992 0.027441 0.242109
0 0.484678 0.620547 0.009023 0.082500
2 0.012729 0.455664 0.006436 0.086172
2 0.019595 0.469414 0.009014 0.119922
0 0.012119 0.511680 0.005527 0.056328
0 0.007246 0.493633 0.005234 0.032891
0 0.009897 0.786016 0.019795 0.359219
0 0.993423 0.742891 0.013154 0.333438
0 0.023662 0.593281 0.014004 0.104531
0 0.541528 0.725859 0.028389 0.304844
0 0.504810 0.833867 0.039795 0.332266
0 0.505825 0.631445 0.018643 0.104766
0 0.046616 0.715547 0.029229 0.260625
7 0.592236 0.485898 0.002617 0.081328
0 0.939785 0.741016 0.052422 0.517969
0 0.517886 0.573438 0.008955 0.113125
0 0.185044 0.926133 0.071006 0.146484
