0 0.984155 0.541914 0.011396 0.132109
0 0.969531 0.662891 0.024023 0.274219
0 0.952217 0.601836 0.017598 0.179609
0 0.276606 0.954219 0.064951 0.091562
0 0.470273 0.697695 0.017578 0.162734
0 0.486318 0.595195 0.007559 0.083516
2 0.008921 0.453437 0.005869 0.067969
2 0.014204 0.458867 0.006260 0.092578
0 0.008765 0.494023 0.004287 0.042578
0 0.004492 0.476523 0.004023 0.026328
0 0.012031 0.811133 0.024063 0.377734
0 0.991602 0.799219 0.016797 0.401563
0 0.014805 0.532852 0.008379 0.052578
0 0.521206 0.606992 0.011494 0.136953
0 0.504810 0.833867 0.039795 0.332266
0 0.505825 0.631445 0.018643 0.104766
0 0.023701 0.583242 0.013437 0.119453
0 0.570610 0.758867 0.060771 0.471641
0 0.515527 0.539297 0.006445 0.059844
0 0.038252 0.676016 0.025352 0.202656
