0 0.981260 0.505859 0.006172 0.050156
0 0.964990 0.645703 0.025020 0.288906
0 0.653447 0.852656 0.124512 0.294687
0 0.659062 0.801406 0.066426 0.333125
0 0.044648 0.688008 0.025039 0.212891
0 0.371587 0.917383 0.074424 0.165234
0 0.471943 0.679336 0.017617 0.165078
2 0.005527 0.449727 0.004434 0.048516
2 0.009990 0.453711 0.004746 0.073984
0 0.005469 0.478789 0.003262 0.030078
0 0.001563 0.475469 0.003125 0.025938
0 0.012695 0.813594 0.025391 0.372812
0 0.991602 0.799219 0.016797 0.401563
0 0.010103 0.503398 0.004814 0.043359
0 0.515601 0.550742 0.005400 0.065078
0 0.504810 0.833867 0.039795 0.332266
0 0.505825 0.631445 0.018643 0.104766
0 0.014805 0.534141 0.007578 0.072500
0 0.522622 0.599141 0.013389 0.173438
0 0.021646 0.572734 0.010400 0.110469
