0 0.989067 0.497266 0.006709 0.072813
6 0.959731 0.507891 0.002588 0.108438
6 0.962754 0.507266 0.002578 0.106563
0 0.512710 0.587539 0.007783 0.091016
7 0.424521 0.559219 0.004219 0.058750
7 0.374585 0.564102 0.005771 0.102422
6 0.531919 0.587539 0.003525 0.081641
6 0.259438 0.778867 0.011279 0.411016
6 0.718530 0.833750 0.012275 0.327031
6 0.644468 0.762266 0.010889 0.421875
6 0.688833 0.806367 0.012334 0.387266
6 0.729004 0.791602 0.009902 0.415859
0 0.381318 0.567891 0.014805 0.077187
6 0.364277 0.633125 0.005371 0.191719
7 0.446465 0.617656 0.008848 0.110156
6 0.322998 0.537813 0.004141 0.097969
0 0.005894 0.563711 0.009795 0.142891
0 0.571484 0.841914 0.053027 0.270547
0 0.513486 0.815625 0.043145 0.368750
6 0.536743 0.585586 0.002939 0.103828
