7 0.538242 0.581602 0.004551 0.058828
6 0.126772 0.667266 0.008916 0.292813
6 0.571631 0.784336 0.010098 0.357891
6 0.559434 0.710156 0.007090 0.263281
6 0.578872 0.710078 0.006494 0.295937
6 0.583315 0.735977 0.006553 0.338047
0 0.428818 0.607930 0.016523 0.113984
0 0.429282 0.828320 0.051650 0.339453
6 0.298032 0.576719 0.005381 0.184219
7 0.330571 0.584023 0.008857 0.110078
0 0.412100 0.587031 0.017910 0.146406
6 0.396401 0.564063 0.004131 0.128594
0 0.470884 0.660352 0.019131 0.160859
0 0.978501 0.531602 0.008506 0.095078
0 0.513486 0.815625 0.043145 0.368750
6 0.526890 0.578125 0.002939 0.084219
