0 0.995532 0.528984 0.006748 0.101719
6 0.960913 0.506914 0.002588 0.103516
0 0.522573 0.594375 0.016611 0.108281
7 0.451123 0.568867 0.004551 0.058828
7 0.435840 0.593438 0.006055 0.096875
6 0.536426 0.590117 0.003535 0.081641
6 0.219014 0.762617 0.012383 0.408203
6 0.665171 0.829922 0.011143 0.331406
6 0.618047 0.765078 0.009941 0.385000
6 0.651685 0.787773 0.011318 0.375391
6 0.680522 0.786094 0.009893 0.427813
0 0.382627 0.568203 0.014805 0.077187
6 0.347061 0.621094 0.005371 0.191719
7 0.443540 0.621563 0.008857 0.110156
6 0.333354 0.546172 0.004131 0.097969
0 0.030957 0.670703 0.029883 0.266406
0 0.794092 0.965234 0.099316 0.069531
0 0.513486 0.815625 0.043145 0.368750
6 0.535107 0.587852 0.002949 0.103828
