0 0.991104 0.504453 0.007266 0.084687
6 0.960103 0.507578 0.002588 0.106875
6 0.963164 0.506484 0.002578 0.104687
0 0.514609 0.589414 0.009883 0.096797
7 0.432471 0.561875 0.004551 0.058750
7 0.393530 0.575234 0.005889 0.098438
6 0.533110 0.588008 0.003525 0.081641
6 0.246807 0.773789 0.011621 0.410078
6 0.700527 0.831680 0.011914 0.328359
6 0.636206 0.763164 0.010596 0.410391
6 0.675366 0.805781 0.012334 0.388437
6 0.712090 0.793750 0.009902 0.412500
0 0.381436 0.567109 0.014805 0.077187
6 0.358901 0.629375 0.005381 0.191719
7 0.446782 0.621523 0.008857 0.110078
6 0.326421 0.544297 0.004131 0.097969
0 0.010972 0.583242 0.015752 0.181953
0 0.591533 0.868242 0.071621 0.235391
0 0.513486 0.815625 0.043145 0.368750
6 0.536309 0.586211 0.002949 0.103828
