6 0.962759 0.505352 0.002588 0.095703
7 0.494463 0.579141 0.004551 0.058750
7 0.519009 0.589297 0.005342 0.077656
6 0.164199 0.715625 0.008926 0.355469
6 0.608960 0.821055 0.010088 0.345078
6 0.588906 0.734141 0.008457 0.327500
6 0.611846 0.752031 0.008809 0.342187
6 0.620107 0.777461 0.008633 0.411016
0 0.393481 0.588125 0.015068 0.082656
0 0.038184 0.705625 0.031211 0.276406
6 0.320713 0.597500 0.005371 0.187813
7 0.417271 0.612148 0.008857 0.110078
0 0.495303 0.619453 0.016113 0.123906
6 0.358257 0.554453 0.004131 0.097969
0 0.419712 0.840508 0.072490 0.293516
0 0.975752 0.636445 0.021289 0.225078
0 0.513486 0.815625 0.043145 0.368750
6 0.532383 0.591602 0.002949 0.103828
