0 0.479731 0.634688 0.012900 0.114063
2 0.016436 0.458906 0.007031 0.103594
2 0.028057 0.491680 0.014531 0.167578
0 0.018042 0.555313 0.008838 0.086562
0 0.010063 0.512461 0.006670 0.043203
0 0.007896 0.714141 0.015791 0.245156
0 0.995132 0.690039 0.009736 0.269453
0 0.045430 0.715938 0.025078 0.209375
0 0.787974 0.831367 0.127705 0.337266
0 0.504810 0.833867 0.039795 0.332266
0 0.505825 0.631445 0.018643 0.104766
0 0.259990 0.940625 0.089785 0.118750
7 0.575957 0.562305 0.004316 0.111484
0 0.976528 0.604258 0.018857 0.219922
0 0.516182 0.560820 0.007070 0.078672
0 0.526558 0.612187 0.013076 0.207500
0 0.448853 0.808203 0.035479 0.322031
