2 0.022476 0.479961 0.008916 0.129922
2 0.045273 0.511289 0.030918 0.235547
0 0.033960 0.638750 0.018857 0.146094
0 0.018335 0.566055 0.009502 0.072109
0 0.005762 0.656055 0.011523 0.160703
0 0.996953 0.633711 0.006094 0.201328
0 0.253472 0.960547 0.059443 0.078906
0 0.962207 0.703906 0.030313 0.342656
0 0.504810 0.833867 0.039795 0.332266
0 0.505825 0.631445 0.018643 0.104766
0 0.461597 0.742500 0.025225 0.236563
7 0.585474 0.502539 0.004307 0.093516
7 0.596172 0.585938 0.005898 0.171875
0 0.984570 0.558438 0.011973 0.132031
0 0.521206 0.602852 0.009424 0.123672
0 0.559326 0.746172 0.046836 0.463750
0 0.477988 0.640039 0.013320 0.125078
