6 0.961724 0.506250 0.002588 0.100000
0 0.536538 0.599609 0.017764 0.119063
7 0.469775 0.575820 0.004551 0.058828
7 0.474902 0.596602 0.006055 0.094766
6 0.193418 0.745742 0.011777 0.393672
6 0.634917 0.831602 0.010381 0.334453
6 0.605225 0.751484 0.009277 0.359687
6 0.632954 0.771562 0.010225 0.360781
6 0.648955 0.778438 0.009902 0.443125
0 0.386323 0.576523 0.014814 0.077109
0 0.009604 0.578203 0.012979 0.156875
6 0.335264 0.612461 0.005371 0.191484
7 0.436138 0.613359 0.008857 0.110156
0 0.545186 0.607266 0.006895 0.141406
6 0.342944 0.548281 0.004131 0.097969
0 0.096401 0.829414 0.086553 0.333828
0 0.939424 0.807305 0.053418 0.354297
0 0.513486 0.815625 0.043145 0.368750
6 0.533911 0.589492 0.002939 0.103828
