0 0.985967 0.538672 0.009434 0.109687
0 0.974541 0.619570 0.020020 0.224453
0 0.963374 0.564727 0.012998 0.115391
0 0.388994 0.896680 0.064121 0.206641
0 0.475811 0.670234 0.014434 0.133281
0 0.489019 0.582031 0.006201 0.069687
2 0.010107 0.454141 0.006055 0.073594
2 0.015371 0.460313 0.006680 0.097813
0 0.009678 0.498281 0.004570 0.046094
0 0.005356 0.481836 0.004404 0.028359
0 0.011362 0.808633 0.022725 0.382734
0 0.992173 0.781602 0.015654 0.380234
0 0.017114 0.548398 0.009893 0.064453
0 0.523970 0.625586 0.015146 0.177109
0 0.504810 0.833867 0.039795 0.332266
0 0.505825 0.631445 0.018643 0.104766
0 0.026660 0.602344 0.016602 0.143750
0 0.661909 0.758828 0.130068 0.482344
0 0.515527 0.544414 0.006445 0.070078
0 0.054346 0.742617 0.035352 0.285391
