0 0.985610 0.484219 0.005869 0.055156
0 0.993838 0.515313 0.005840 0.077656
6 0.958921 0.508594 0.002588 0.111875
6 0.961846 0.509102 0.002578 0.110703
0 0.509014 0.584023 0.006582 0.076953
7 0.408262 0.553984 0.003887 0.058750
7 0.333408 0.539531 0.006523 0.111094
6 0.530332 0.588164 0.003535 0.081641
6 0.286743 0.780820 0.010928 0.405547
6 0.758496 0.837031 0.012969 0.324219
6 0.664512 0.764102 0.011426 0.441016
6 0.720562 0.807656 0.012334 0.384687
6 0.767637 0.783672 0.009902 0.428906
0 0.381064 0.569570 0.014805 0.077109
6 0.376123 0.641406 0.005371 0.191719
7 0.446211 0.614570 0.008848 0.110078
6 0.318774 0.534453 0.004131 0.097969
0 0.552085 0.788711 0.033408 0.268984
0 0.513486 0.815625 0.043145 0.368750
6 0.536743 0.585586 0.002939 0.103828
