0 0.984927 0.541914 0.011787 0.121328
0 0.466514 0.704375 0.020781 0.184219
0 0.486904 0.603789 0.007383 0.067109
2 0.013916 0.456367 0.006602 0.091797
2 0.022412 0.476875 0.010859 0.135781
0 0.014092 0.526211 0.006621 0.066484
0 0.008110 0.498945 0.005615 0.034922
0 0.009229 0.762070 0.018457 0.321172
0 0.993994 0.725273 0.012012 0.312109
0 0.026641 0.613672 0.015859 0.122656
0 0.561084 0.798242 0.045410 0.403516
0 0.504810 0.833867 0.039795 0.332266
0 0.505825 0.631445 0.018643 0.104766
0 0.066929 0.803125 0.047842 0.334375
7 0.585356 0.506484 0.003662 0.087031
0 0.960190 0.688281 0.036318 0.396406
0 0.514858 0.539609 0.005049 0.055156
0 0.520581 0.580625 0.009229 0.135625
0 0.349487 0.926250 0.072236 0.147500
