0 0.992739 0.510156 0.007705 0.094219
6 0.960396 0.507344 0.002588 0.105625
6 0.963496 0.505781 0.002578 0.103125
0 0.516392 0.591328 0.013447 0.100625
7 0.439248 0.564414 0.004551 0.058828
7 0.408691 0.584219 0.005977 0.095312
6 0.534316 0.588750 0.003535 0.081719
6 0.236699 0.769727 0.011895 0.409453
6 0.686123 0.830000 0.011641 0.329531
6 0.629604 0.763867 0.010361 0.401172
6 0.666377 0.800312 0.012031 0.384688
6 0.700605 0.790977 0.009902 0.418047
0 0.381528 0.566523 0.014814 0.077109
6 0.354600 0.626328 0.005371 0.191719
7 0.446543 0.623555 0.008848 0.110078
6 0.328618 0.545000 0.004131 0.097969
0 0.018237 0.615078 0.020889 0.212656
0 0.628325 0.897773 0.088721 0.178672
0 0.513486 0.815625 0.043145 0.368750
6 0.535869 0.586758 0.002949 0.103828
