6 0.961504 0.506406 0.002598 0.100938
0 0.532275 0.597617 0.017598 0.117891
7 0.464688 0.573906 0.004551 0.058750
7 0.464751 0.595547 0.006045 0.097344
6 0.199683 0.752227 0.012393 0.401797
6 0.643164 0.831133 0.010586 0.333672
6 0.608726 0.755195 0.009463 0.366641
6 0.637617 0.775586 0.010527 0.364766
6 0.657568 0.780508 0.009902 0.438984
0 0.385317 0.574219 0.014814 0.077187
0 0.005918 0.539570 0.010273 0.156953
6 0.338457 0.615039 0.005371 0.191641
7 0.439019 0.613711 0.008857 0.110078
6 0.340151 0.547500 0.004131 0.097969
0 0.072236 0.792617 0.065000 0.367734
0 0.919766 0.838633 0.072324 0.281484
0 0.513486 0.815625 0.043145 0.368750
6 0.534238 0.589023 0.002949 0.103828
