0 0.984883 0.540625 0.010605 0.123125
0 0.971533 0.645547 0.022422 0.254375
0 0.956680 0.586992 0.015762 0.153984
0 0.331396 0.938242 0.068086 0.123516
0 0.472490 0.686680 0.016328 0.151016
0 0.487544 0.589922 0.007021 0.077969
2 0.009399 0.453711 0.005947 0.070234
2 0.014668 0.459453 0.006426 0.094688
0 0.009131 0.495703 0.004395 0.044062
0 0.004834 0.478672 0.004180 0.027187
0 0.011763 0.810117 0.023525 0.379766
0 0.991831 0.792188 0.016338 0.392969
0 0.015327 0.536172 0.008779 0.053594
0 0.522046 0.612422 0.012549 0.159844
0 0.504810 0.833867 0.039795 0.332266
0 0.505825 0.631445 0.018643 0.104766
0 0.024883 0.590898 0.014707 0.129141
0 0.590732 0.761992 0.081055 0.476016
0 0.515527 0.541367 0.006445 0.063984
0 0.044204 0.699180 0.029346 0.235703
