7 0.515850 0.580703 0.004551 0.058750
7 0.546958 0.595547 0.004404 0.059375
6 0.144023 0.689805 0.008301 0.322734
6 0.591021 0.807734 0.010088 0.356406
6 0.574912 0.719297 0.007734 0.299844
6 0.595811 0.733672 0.007598 0.326250
6 0.601587 0.760039 0.007549 0.383516
0 0.407334 0.601172 0.016094 0.104844
0 0.177637 0.880937 0.105957 0.238125
6 0.308252 0.584688 0.005371 0.184687
7 0.382192 0.590977 0.008857 0.110078
0 0.452603 0.605234 0.018076 0.139844
6 0.374175 0.559883 0.004131 0.121016
0 0.466719 0.750703 0.025703 0.268750
0 0.979390 0.563516 0.012920 0.153750
0 0.513486 0.815625 0.043145 0.368750
6 0.531079 0.593398 0.002939 0.103828
