0 0.994756 0.520273 0.007676 0.103047
6 0.960767 0.507031 0.002588 0.104063
6 0.963906 0.505000 0.002578 0.101250
0 0.520151 0.593594 0.016357 0.105938
7 0.447734 0.567578 0.004551 0.058750
7 0.427847 0.593203 0.006064 0.093750
6 0.535825 0.589727 0.003525 0.081641
6 0.224067 0.764648 0.012236 0.408672
6 0.670674 0.829648 0.011289 0.330859
6 0.621348 0.764727 0.010059 0.389609
6 0.655879 0.791367 0.011523 0.378047
6 0.686260 0.787461 0.009902 0.425078
0 0.381958 0.566641 0.014814 0.077187
6 0.349219 0.622578 0.005371 0.191719
7 0.444399 0.622148 0.008857 0.110078
6 0.331655 0.545859 0.004131 0.097969
0 0.027324 0.654805 0.027305 0.251016
0 0.732578 0.962109 0.088789 0.075781
0 0.513486 0.815625 0.043145 0.368750
6 0.535327 0.587539 0.002939 0.103828
