6 0.962017 0.505977 0.002588 0.098828
0 0.542920 0.604375 0.015566 0.113594
7 0.476646 0.577852 0.004541 0.058828
7 0.488140 0.596914 0.006006 0.090859
6 0.185073 0.737148 0.010967 0.382734
6 0.623916 0.832188 0.010098 0.335625
6 0.600562 0.746523 0.009053 0.350547
6 0.626733 0.766133 0.009814 0.355547
6 0.640713 0.778164 0.009531 0.433984
0 0.387671 0.579531 0.014814 0.077188
0 0.015820 0.612109 0.017559 0.182188
6 0.331104 0.608164 0.005371 0.190391
7 0.431538 0.614805 0.008857 0.110078
0 0.532598 0.610000 0.014102 0.141406
6 0.347319 0.550078 0.004131 0.097969
0 0.187466 0.879687 0.106436 0.240625
0 0.952988 0.777539 0.041055 0.376953
0 0.513486 0.815625 0.043145 0.368750
6 0.533477 0.590117 0.002949 0.103828
