0 0.986216 0.486875 0.005986 0.057188
0 0.995361 0.524570 0.004941 0.079922
6 0.959146 0.508437 0.002588 0.110938
6 0.962100 0.508633 0.002578 0.109609
0 0.510024 0.585000 0.006904 0.080781
7 0.412554 0.555391 0.003682 0.058750
7 0.344272 0.546250 0.005576 0.108750
6 0.530767 0.588008 0.003525 0.081641
6 0.279404 0.782383 0.010937 0.408672
6 0.747334 0.837070 0.012832 0.324766
6 0.657676 0.760859 0.011367 0.440312
6 0.711226 0.807305 0.012334 0.385391
6 0.757100 0.785820 0.009902 0.425391
0 0.381133 0.569141 0.014805 0.077188
6 0.372891 0.639141 0.005371 0.191719
7 0.446211 0.614570 0.008848 0.110078
6 0.319927 0.535391 0.004131 0.097969
0 0.554985 0.802734 0.036025 0.279219
0 0.513486 0.815625 0.043145 0.368750
6 0.536743 0.585586 0.002939 0.103828
