0 0.993550 0.513047 0.007920 0.098906
6 0.960542 0.507227 0.002588 0.105078
6 0.963662 0.505469 0.002578 0.102344
0 0.517280 0.592305 0.015225 0.102578
7 0.442646 0.565703 0.004551 0.058750
7 0.416265 0.588672 0.006025 0.093750
6 0.534917 0.589102 0.003525 0.081641
6 0.231646 0.767695 0.012041 0.409141
6 0.678921 0.829180 0.011494 0.330078
6 0.626304 0.764219 0.010244 0.396563
6 0.662178 0.796719 0.011836 0.382031
6 0.694868 0.789570 0.009893 0.420859
0 0.381572 0.566250 0.014805 0.077187
6 0.352441 0.624844 0.005371 0.191719
7 0.445688 0.622969 0.008857 0.110156
6 0.329712 0.545312 0.004131 0.097969
0 0.021875 0.630937 0.023457 0.227969
0 0.657422 0.921992 0.092383 0.143203
0 0.513486 0.815625 0.043145 0.368750
6 0.535654 0.587070 0.002949 0.103828
