7 0.524761 0.581367 0.004541 0.058828
6 0.137075 0.679023 0.008584 0.309141
6 0.583545 0.802188 0.010098 0.361094
6 0.569082 0.713125 0.007441 0.288281
6 0.589131 0.726016 0.007090 0.319688
6 0.594111 0.752148 0.007090 0.372109
0 0.413105 0.606641 0.016523 0.114063
0 0.335479 0.888086 0.105957 0.223828
6 0.304063 0.580586 0.005371 0.184141
7 0.363833 0.587383 0.008857 0.110078
0 0.434810 0.599297 0.018896 0.146406
6 0.382407 0.564102 0.004131 0.123047
0 0.470093 0.714492 0.021182 0.223359
0 0.979009 0.548320 0.010693 0.129141
0 0.513486 0.815625 0.043145 0.368750
6 0.529468 0.587539 0.002939 0.096328
