0 0.983613 0.549609 0.012813 0.134375
0 0.977754 0.509609 0.009043 0.076406
0 0.462544 0.725273 0.023154 0.205234
0 0.485571 0.613828 0.008369 0.076406
2 0.013203 0.455937 0.006504 0.088437
2 0.020723 0.472422 0.009746 0.126250
0 0.012910 0.517500 0.005957 0.060469
0 0.007593 0.495742 0.005381 0.033672
0 0.009629 0.776445 0.019258 0.343984
0 0.993652 0.735859 0.012695 0.324844
0 0.024854 0.601445 0.014746 0.111797
0 0.546685 0.746367 0.032217 0.333828
0 0.504810 0.833867 0.039795 0.332266
0 0.505825 0.631445 0.018643 0.104766
0 0.053462 0.745781 0.034287 0.286875
7 0.589487 0.494102 0.003037 0.083672
0 0.952666 0.732539 0.045977 0.469297
0 0.514468 0.535313 0.004268 0.046562
0 0.518755 0.577461 0.009229 0.121953
0 0.250088 0.947500 0.065723 0.105000
