7 0.539893 0.581602 0.004551 0.058828
6 0.125796 0.667812 0.008916 0.292813
6 0.570166 0.778750 0.010098 0.353437
6 0.558101 0.712383 0.007080 0.257734
6 0.577749 0.706680 0.006494 0.288047
6 0.582407 0.732539 0.006553 0.327891
0 0.430786 0.608086 0.016514 0.113984
0 0.434429 0.823633 0.047939 0.346953
6 0.297119 0.576719 0.005371 0.184219
7 0.325601 0.582344 0.008857 0.110156
0 0.409126 0.584844 0.017412 0.146406
6 0.398247 0.565586 0.004131 0.124922
0 0.470210 0.654961 0.018877 0.156797
0 0.978438 0.529492 0.008242 0.090859
0 0.513486 0.815625 0.043145 0.368750
6 0.526567 0.576953 0.002939 0.082656
