0 0.988247 0.494414 0.006494 0.068047
0 0.998418 0.543125 0.003164 0.084375
6 0.959585 0.508047 0.002588 0.109063
6 0.962588 0.507578 0.002578 0.107344
0 0.512041 0.586875 0.007559 0.088438
7 0.421484 0.558242 0.004004 0.058828
7 0.367007 0.559648 0.005713 0.103984
6 0.531626 0.587617 0.003525 0.081641
6 0.264487 0.780898 0.011143 0.411328
6 0.725728 0.834570 0.012412 0.326484
6 0.647769 0.761914 0.011006 0.426484
6 0.694224 0.806602 0.012334 0.386797
6 0.736025 0.790117 0.009902 0.418203
0 0.381274 0.568203 0.014814 0.077187
6 0.366436 0.634648 0.005371 0.191641
7 0.446338 0.616133 0.008848 0.110078
6 0.322231 0.537188 0.004131 0.097969
0 0.004175 0.558750 0.007471 0.123125
0 0.565171 0.831680 0.046279 0.281641
0 0.513486 0.815625 0.043145 0.368750
6 0.536743 0.585586 0.002939 0.103828
