0 0.485063 0.663477 0.012314 0.149609
0 0.745913 0.517227 0.013057 0.136172
0 0.506274 0.685273 0.013057 0.146797
0 0.008149 0.661289 0.016299 0.266484
0 0.024082 0.600781 0.012578 0.138750
0 0.212603 0.668164 0.012705 0.137734
0 0.253950 0.761641 0.018857 0.212656
0 0.252915 0.632773 0.010127 0.130703
0 0.255801 0.535508 0.012305 0.068828
0 0.056157 0.798867 0.035342 0.353828
0 0.459346 0.837539 0.032949 0.321797
0 0.275010 0.699922 0.021660 0.265781
0 0.698911 0.612070 0.015615 0.128984
0 0.760161 0.643008 0.020186 0.208984
