2 0.024736 0.487812 0.009629 0.139844
2 0.055815 0.517148 0.038975 0.267578
0 0.050439 0.722266 0.025352 0.227969
0 0.021660 0.587344 0.010566 0.082969
0 0.004966 0.637461 0.009932 0.135391
0 0.997637 0.612578 0.004727 0.175781
0 0.402095 0.886602 0.059170 0.213828
0 0.972749 0.647070 0.019561 0.247266
0 0.504810 0.833867 0.039795 0.332266
0 0.505825 0.631445 0.018643 0.104766
0 0.471719 0.693828 0.017969 0.143594
7 0.591104 0.483984 0.004395 0.076875
7 0.579692 0.520977 0.005498 0.099609
7 0.620190 0.603203 0.008682 0.199063
0 0.986304 0.553672 0.009893 0.110156
0 0.524678 0.622891 0.011211 0.145781
0 0.613301 0.754336 0.106973 0.491328
0 0.482402 0.615508 0.010195 0.086328
