6 0.120552 0.668359 0.008916 0.292813
6 0.562729 0.765469 0.010088 0.340000
6 0.551812 0.717930 0.007080 0.240859
6 0.571948 0.701172 0.006494 0.264531
6 0.577231 0.718945 0.006553 0.297578
0 0.441362 0.612031 0.018369 0.123281
0 0.453896 0.786563 0.033047 0.346094
6 0.292666 0.574414 0.005371 0.184141
7 0.302632 0.566953 0.008857 0.110156
0 0.394736 0.578125 0.015937 0.146406
6 0.407505 0.562695 0.004131 0.126953
0 0.466865 0.628164 0.017637 0.136797
0 0.978120 0.519102 0.006865 0.069609
0 0.513486 0.815625 0.043145 0.368750
6 0.524956 0.571094 0.002939 0.075156
