0 0.482935 0.616797 0.010635 0.091406
2 0.018325 0.465469 0.007627 0.111875
2 0.030874 0.499063 0.016377 0.183438
0 0.020015 0.569883 0.009932 0.096641
0 0.012227 0.527148 0.007559 0.052266
0 0.007231 0.690195 0.014463 0.207109
0 0.995698 0.672461 0.008604 0.248203
0 0.062124 0.797891 0.040596 0.310469
0 0.898452 0.792812 0.096650 0.409062
0 0.504810 0.833867 0.039795 0.332266
0 0.505825 0.631445 0.018643 0.104766
0 0.384077 0.886758 0.071670 0.226484
7 0.575977 0.575313 0.004648 0.125000
0 0.979531 0.585195 0.016523 0.188203
0 0.516978 0.572227 0.007783 0.089141
0 0.531865 0.639648 0.017539 0.261484
0 0.464565 0.723633 0.025615 0.239922
