0 0.481523 0.625000 0.011738 0.103125
2 0.017192 0.461523 0.007275 0.106953
2 0.029180 0.494609 0.015273 0.173906
0 0.018828 0.561172 0.009277 0.090625
0 0.010562 0.516523 0.007021 0.046797
0 0.007632 0.704570 0.015264 0.229922
0 0.995361 0.683008 0.009277 0.261016
0 0.051279 0.745117 0.029629 0.242578
0 0.846528 0.821641 0.115342 0.356719
0 0.504810 0.833867 0.039795 0.332266
0 0.505825 0.631445 0.018643 0.104766
0 0.329829 0.923203 0.082314 0.153594
7 0.575640 0.568086 0.004365 0.116953
0 0.977729 0.596641 0.017920 0.207187
0 0.516450 0.565664 0.007432 0.082891
0 0.528330 0.621406 0.014492 0.226406
0 0.457734 0.759844 0.032461 0.295781
