6 0.118247 0.667188 0.008916 0.292813
6 0.559707 0.768906 0.010098 0.340000
6 0.549507 0.716758 0.007080 0.240859
6 0.569497 0.705781 0.006494 0.264531
6 0.574780 0.715469 0.006553 0.297500
0 0.446045 0.615469 0.020234 0.132500
0 0.457925 0.763516 0.029287 0.323125
6 0.290938 0.572109 0.005371 0.184219
7 0.294565 0.556602 0.008857 0.110078
0 0.389268 0.578125 0.015937 0.146406
6 0.411802 0.566289 0.004131 0.124766
0 0.465527 0.617461 0.017148 0.128828
0 0.977993 0.514922 0.006318 0.061094
0 0.513486 0.815625 0.043145 0.368750
6 0.524312 0.568750 0.002939 0.072187
