0 0.947666 0.607031 0.020527 0.195312
0 0.624268 0.837852 0.062598 0.324297
0 0.559419 0.763711 0.048721 0.472578
0 0.521143 0.603203 0.012402 0.128281
0 0.531689 0.574609 0.007715 0.096094
0 0.017842 0.547461 0.009238 0.092578
0 0.035371 0.651797 0.019570 0.175469
0 0.183901 0.934375 0.073213 0.131250
0 0.012695 0.813594 0.025391 0.372812
0 0.991602 0.799219 0.016797 0.401563
0 0.004976 0.480859 0.003135 0.027344
0 0.504810 0.833867 0.039795 0.332266
0 0.505825 0.631445 0.018643 0.104766
0 0.008057 0.491016 0.002637 0.028906
0 0.514761 0.540508 0.005947 0.079766
0 0.011416 0.512109 0.005684 0.055469
