0 0.981392 0.556211 0.012939 0.161484
0 0.951514 0.755469 0.044824 0.401094
0 0.929468 0.673789 0.029502 0.273203
0 0.137871 0.905352 0.074023 0.189297
0 0.459546 0.751758 0.027080 0.240547
0 0.483267 0.608359 0.008916 0.097344
2 0.007939 0.452461 0.005508 0.062578
2 0.013032 0.457422 0.005830 0.087500
0 0.007847 0.489805 0.003994 0.039141
0 0.003584 0.475469 0.003730 0.025938
0 0.012695 0.813594 0.025391 0.372812
0 0.991602 0.799219 0.016797 0.401563
0 0.013491 0.524492 0.007354 0.050078
0 0.519434 0.591094 0.009531 0.104531
0 0.504810 0.833867 0.039795 0.332266
0 0.505825 0.631445 0.018643 0.104766
0 0.020737 0.564180 0.010283 0.095078
0 0.543721 0.721250 0.031250 0.403594
0 0.031787 0.624883 0.015332 0.164297
