0 0.985361 0.539375 0.011445 0.117031
0 0.467832 0.697422 0.020000 0.177187
0 0.487354 0.600469 0.007051 0.064062
2 0.014150 0.456484 0.006641 0.092969
2 0.022979 0.478320 0.011230 0.138984
0 0.014487 0.529141 0.006846 0.068437
0 0.008281 0.500000 0.005684 0.035313
0 0.009097 0.757266 0.018193 0.313594
0 0.994106 0.721719 0.011787 0.307812
0 0.027983 0.621875 0.016826 0.128594
0 0.568447 0.801094 0.052852 0.397813
0 0.504810 0.833867 0.039795 0.332266
0 0.505825 0.631445 0.018643 0.104766
0 0.071953 0.824258 0.053359 0.351484
7 0.583984 0.510586 0.003867 0.088203
0 0.962690 0.673555 0.033096 0.372109
0 0.514990 0.541055 0.005313 0.058047
0 0.521177 0.583750 0.009619 0.142813
0 0.376782 0.910039 0.077100 0.179922
