0 0.475767 0.655586 0.015264 0.135078
2 0.015581 0.457305 0.006846 0.099766
2 0.026362 0.487227 0.013428 0.158047
0 0.016855 0.546602 0.008164 0.080547
0 0.009321 0.506406 0.006143 0.037812
0 0.008296 0.728516 0.016592 0.267969
0 0.994790 0.700586 0.010420 0.282266
0 0.038730 0.681211 0.022402 0.177734
0 0.658521 0.838789 0.127393 0.322422
0 0.504810 0.833867 0.039795 0.332266
0 0.505825 0.631445 0.018643 0.104766
0 0.156851 0.903008 0.086357 0.183203
7 0.577969 0.546641 0.004219 0.103125
0 0.974053 0.616250 0.020703 0.249219
0 0.515786 0.553555 0.006533 0.072266
0 0.524761 0.602734 0.011924 0.185937
0 0.433350 0.839844 0.045996 0.317187
