2 0.026245 0.493125 0.010088 0.146406
2 0.062847 0.521016 0.044326 0.288906
0 0.065205 0.785625 0.037246 0.297969
0 0.023887 0.601445 0.011270 0.090234
0 0.004434 0.625078 0.008867 0.118594
0 0.998091 0.598437 0.003818 0.158750
0 0.436689 0.849766 0.048379 0.300469
0 0.976113 0.615234 0.016133 0.198750
0 0.504810 0.833867 0.039795 0.332266
0 0.505825 0.631445 0.018643 0.104766
0 0.477856 0.659687 0.012100 0.096719
7 0.586987 0.494453 0.004678 0.084219
7 0.575845 0.533320 0.006299 0.103672
7 0.638530 0.609492 0.010537 0.217109
0 0.987456 0.550508 0.008506 0.095547
0 0.527705 0.633984 0.012598 0.156719
0 0.712925 0.740469 0.155830 0.519062
0 0.485337 0.599219 0.008115 0.060469
