7 0.526543 0.581484 0.004551 0.058750
6 0.135684 0.676875 0.008633 0.306406
6 0.582051 0.801094 0.010098 0.362031
6 0.567920 0.711875 0.007383 0.286094
6 0.587793 0.724492 0.006992 0.318359
6 0.592612 0.750586 0.007002 0.369766
0 0.415068 0.606797 0.016523 0.114062
0 0.360205 0.876875 0.105957 0.246250
6 0.303359 0.579961 0.005371 0.184141
7 0.359946 0.587383 0.008857 0.110078
0 0.432017 0.598047 0.018896 0.146406
6 0.384053 0.565000 0.004141 0.123437
0 0.470771 0.707266 0.020273 0.214219
0 0.978945 0.546211 0.010430 0.124922
0 0.513486 0.815625 0.043145 0.368750
6 0.529146 0.586367 0.002939 0.094766
