0 0.989478 0.498711 0.006826 0.075234
6 0.959810 0.507852 0.002588 0.108203
6 0.962832 0.507109 0.002578 0.106250
0 0.513047 0.587852 0.007891 0.092266
7 0.426040 0.559688 0.004326 0.058750
7 0.378374 0.566289 0.005791 0.101641
6 0.532061 0.587461 0.003535 0.081641
6 0.256909 0.777852 0.011338 0.410859
6 0.714927 0.833320 0.012197 0.327266
6 0.642817 0.762461 0.010830 0.419609
6 0.686138 0.806250 0.012334 0.387500
6 0.725493 0.792305 0.009893 0.414609
0 0.381343 0.567734 0.014814 0.077187
6 0.363203 0.632383 0.005371 0.191641
7 0.446528 0.618437 0.008857 0.110156
6 0.323384 0.538125 0.004131 0.097969
0 0.006909 0.567617 0.010986 0.150703
0 0.574644 0.847031 0.056396 0.265000
0 0.513486 0.815625 0.043145 0.368750
6 0.536743 0.585586 0.002939 0.103828
