6 0.962095 0.505938 0.002588 0.098438
0 0.543818 0.605586 0.013613 0.112266
7 0.478428 0.577969 0.004551 0.058750
7 0.491221 0.596172 0.005937 0.089531
6 0.182983 0.735000 0.010752 0.380000
6 0.622417 0.831094 0.010088 0.336562
6 0.599395 0.745273 0.008984 0.348203
6 0.625181 0.764805 0.009717 0.354141
6 0.638652 0.778047 0.009453 0.431719
0 0.388003 0.580313 0.014814 0.077187
0 0.017480 0.619102 0.018789 0.190547
6 0.330068 0.607109 0.005371 0.190156
7 0.430396 0.615156 0.008857 0.110156
0 0.529448 0.610625 0.015908 0.141406
6 0.348413 0.550469 0.004131 0.097969
0 0.220776 0.890625 0.104775 0.218750
0 0.955869 0.760938 0.038535 0.357812
0 0.513486 0.815625 0.043145 0.368750
6 0.533364 0.590273 0.002939 0.103828
