7 0.519414 0.580977 0.004551 0.058828
6 0.141245 0.685469 0.008408 0.317344
6 0.588027 0.805547 0.010098 0.358281
6 0.572583 0.716836 0.007627 0.295234
6 0.593140 0.730586 0.007393 0.323672
6 0.598599 0.756914 0.007373 0.378984
0 0.409644 0.603359 0.016260 0.108437
0 0.249893 0.900625 0.105957 0.198750
6 0.306172 0.582539 0.005371 0.184141
7 0.375498 0.587383 0.008848 0.110078
0 0.445483 0.602852 0.018408 0.142422
6 0.377466 0.561562 0.004131 0.121875
0 0.468071 0.736250 0.023896 0.250625
0 0.979199 0.554531 0.011523 0.141875
0 0.513486 0.815625 0.043145 0.368750
6 0.530435 0.591055 0.002939 0.100859
