7 0.536587 0.581602 0.004541 0.058828
6 0.127754 0.666719 0.008906 0.292813
6 0.573105 0.789922 0.010098 0.362344
6 0.560762 0.707930 0.007090 0.268984
6 0.579995 0.713398 0.006494 0.303828
6 0.584224 0.739336 0.006553 0.348203
0 0.426855 0.607773 0.016523 0.113984
0 0.424136 0.833008 0.055361 0.332109
6 0.298945 0.576719 0.005371 0.184219
7 0.335537 0.585703 0.008848 0.110156
0 0.415068 0.589297 0.018398 0.146406
6 0.394546 0.562539 0.004131 0.132422
0 0.471553 0.665703 0.019375 0.164844
0 0.978564 0.533672 0.008789 0.099375
0 0.513486 0.815625 0.043145 0.368750
6 0.527212 0.579297 0.002939 0.085781
