0 0.985605 0.539336 0.009824 0.114141
0 0.973535 0.628242 0.020820 0.234453
0 0.961143 0.572148 0.013906 0.128203
0 0.377798 0.911250 0.076045 0.177500
0 0.474702 0.675703 0.015068 0.139219
0 0.488765 0.584688 0.006475 0.072500
2 0.009873 0.453984 0.006016 0.072500
2 0.015137 0.460039 0.006602 0.096797
0 0.009497 0.497383 0.004502 0.045391
0 0.005181 0.480781 0.004326 0.027969
0 0.011494 0.809141 0.022988 0.381719
0 0.992056 0.785156 0.015889 0.384531
0 0.016519 0.544336 0.009521 0.060859
0 0.523218 0.620352 0.014111 0.174141
0 0.504810 0.833867 0.039795 0.332266
0 0.505825 0.631445 0.018643 0.104766
0 0.026069 0.598516 0.015967 0.138906
0 0.629653 0.761250 0.119658 0.477500
0 0.515527 0.543398 0.006445 0.068047
0 0.050156 0.722305 0.033359 0.268828
