0 0.485283 0.603125 0.008789 0.071719
2 0.020210 0.472070 0.008213 0.120078
2 0.035630 0.505469 0.021064 0.203594
0 0.024438 0.591875 0.013428 0.108750
0 0.015000 0.544844 0.008438 0.061250
0 0.006562 0.674687 0.013125 0.186094
0 0.996270 0.654844 0.007461 0.226875
0 0.103823 0.874961 0.070947 0.248203
0 0.941646 0.777461 0.052920 0.442734
0 0.504810 0.833867 0.039795 0.332266
0 0.505825 0.631445 0.018643 0.104766
0 0.435435 0.839609 0.044541 0.312500
7 0.591895 0.483008 0.003105 0.087422
7 0.581758 0.582187 0.005742 0.137656
0 0.982529 0.566172 0.014180 0.156562
0 0.518276 0.581094 0.007783 0.098750
0 0.540415 0.682031 0.026143 0.343906
0 0.472852 0.685156 0.020391 0.190625
