0 0.983589 0.475234 0.005498 0.048281
0 0.989248 0.497070 0.006855 0.063984
6 0.958188 0.509219 0.002588 0.115000
6 0.961025 0.510742 0.002578 0.114609
0 0.505659 0.580859 0.005498 0.064063
7 0.393965 0.549219 0.004551 0.058750
7 0.300146 0.530508 0.007480 0.112734
6 0.529468 0.588555 0.003525 0.081641
6 0.311206 0.775625 0.010928 0.395156
6 0.798125 0.828047 0.012969 0.324219
6 0.690425 0.780859 0.011436 0.433125
6 0.751685 0.808789 0.012334 0.382422
6 0.802754 0.776484 0.009902 0.440781
0 0.380835 0.571094 0.014814 0.077188
6 0.386885 0.648984 0.005371 0.191719
7 0.446211 0.614570 0.008848 0.110078
6 0.315073 0.535781 0.004131 0.097969
0 0.542417 0.742070 0.024678 0.235078
0 0.513486 0.815625 0.043145 0.368750
6 0.536743 0.585586 0.002939 0.103828
