0 0.961992 0.575508 0.013047 0.141328
0 0.785220 0.860000 0.093486 0.280000
0 0.617319 0.763711 0.107295 0.472578
0 0.523486 0.624961 0.013379 0.136016
0 0.537480 0.596523 0.009688 0.122578
0 0.021670 0.566016 0.010703 0.102344
0 0.047842 0.712227 0.027871 0.234297
0 0.353022 0.932109 0.078721 0.135781
0 0.012695 0.813594 0.025391 0.372812
0 0.991602 0.799219 0.016797 0.401563
0 0.005464 0.483008 0.003291 0.028828
0 0.504810 0.833867 0.039795 0.332266
0 0.505825 0.631445 0.018643 0.104766
0 0.009380 0.498008 0.003662 0.038359
0 0.515039 0.548398 0.005938 0.079766
0 0.013369 0.522188 0.006426 0.060625
