0 0.971641 0.546484 0.010469 0.100781
0 0.905483 0.779062 0.045732 0.345000
0 0.799663 0.762461 0.164561 0.470391
0 0.534111 0.695312 0.023945 0.244063
0 0.547266 0.632852 0.013242 0.179297
0 0.025493 0.584570 0.012158 0.112109
0 0.068882 0.821289 0.045439 0.357422
0 0.420488 0.866406 0.054063 0.267188
0 0.012695 0.813594 0.025391 0.372812
0 0.991602 0.799219 0.016797 0.401563
0 0.006685 0.488359 0.003701 0.032656
0 0.504810 0.833867 0.039795 0.332266
0 0.505825 0.631445 0.018643 0.104766
0 0.010703 0.505000 0.004668 0.047813
0 0.515542 0.556250 0.007744 0.091406
0 0.015327 0.532266 0.007178 0.065625
