0 0.991509 0.505898 0.007373 0.087109
6 0.960176 0.507539 0.002598 0.106641
6 0.963252 0.506289 0.002578 0.104297
0 0.515054 0.589922 0.010771 0.097812
7 0.434160 0.562539 0.004551 0.058828
7 0.397319 0.577500 0.005908 0.097656
6 0.533413 0.588164 0.003525 0.081641
6 0.244282 0.772773 0.011689 0.409922
6 0.696924 0.831289 0.011855 0.328672
6 0.634556 0.763320 0.010537 0.408047
6 0.672671 0.805664 0.012334 0.388672
6 0.709219 0.793047 0.009902 0.413906
0 0.381460 0.566953 0.014814 0.077188
6 0.357822 0.628594 0.005371 0.191719
7 0.446846 0.622305 0.008848 0.110078
6 0.326968 0.544453 0.004131 0.097969
0 0.012793 0.591211 0.017031 0.189609
0 0.598950 0.874062 0.076709 0.222344
0 0.513486 0.815625 0.043145 0.368750
6 0.536196 0.586367 0.002939 0.103828
