0 0.965850 0.563906 0.012012 0.125156
0 0.848735 0.838047 0.073252 0.323906
0 0.667407 0.769922 0.151416 0.460156
0 0.527739 0.653086 0.017607 0.179297
0 0.540674 0.609844 0.009668 0.142813
0 0.023198 0.573438 0.011279 0.106250
0 0.053936 0.740469 0.031777 0.256563
0 0.386499 0.902539 0.067959 0.194922
0 0.012695 0.813594 0.025391 0.372812
0 0.991602 0.799219 0.016797 0.401563
0 0.005952 0.485156 0.003447 0.030469
0 0.504810 0.833867 0.039795 0.332266
0 0.505825 0.631445 0.018643 0.104766
0 0.009912 0.500820 0.004063 0.042109
0 0.515210 0.551562 0.006396 0.082656
0 0.014155 0.526211 0.006729 0.062578
