0 0.978032 0.580859 0.013682 0.193281
0 0.926782 0.789766 0.063721 0.415781
0 0.891377 0.784336 0.051113 0.423516
0 0.089229 0.851406 0.057871 0.294844
0 0.446689 0.813281 0.035957 0.312500
0 0.480747 0.627305 0.010908 0.110859
2 0.007197 0.451602 0.005176 0.058203
2 0.012100 0.456289 0.005508 0.083359
0 0.007119 0.486406 0.003770 0.036406
0 0.002852 0.475469 0.003516 0.025938
0 0.012695 0.813594 0.025391 0.372812
0 0.991602 0.799219 0.016797 0.401563
0 0.012446 0.517813 0.006533 0.048125
0 0.518193 0.577148 0.008301 0.091797
0 0.504810 0.833867 0.039795 0.332266
0 0.505825 0.631445 0.018643 0.104766
0 0.018857 0.554922 0.009453 0.088125
0 0.533838 0.664492 0.022402 0.293672
0 0.028667 0.608828 0.013818 0.147813
