7 0.506943 0.580039 0.004551 0.058828
7 0.535317 0.592930 0.004795 0.066953
6 0.150981 0.700547 0.008018 0.336406
6 0.598496 0.813320 0.010098 0.351641
6 0.580747 0.725508 0.008037 0.311328
6 0.602490 0.741328 0.008105 0.332969
6 0.609067 0.767930 0.007998 0.395078
0 0.401563 0.595742 0.015664 0.095547
0 0.076792 0.809453 0.070225 0.358750
6 0.313447 0.590039 0.005371 0.186016
7 0.398926 0.599883 0.008848 0.110078
0 0.470396 0.611172 0.017256 0.133125
6 0.365908 0.557578 0.004141 0.097969
0 0.454268 0.809609 0.038516 0.333906
0 0.979854 0.585977 0.016406 0.183516
0 0.513486 0.815625 0.043145 0.368750
6 0.531621 0.592617 0.002949 0.103828
