6 0.962905 0.505234 0.002588 0.095000
7 0.498027 0.579414 0.004551 0.058828
7 0.523667 0.590352 0.005186 0.074609
6 0.160024 0.711328 0.008525 0.350000
6 0.605972 0.818867 0.010088 0.346953
6 0.586572 0.731680 0.008340 0.322891
6 0.609175 0.748984 0.008604 0.339531
6 0.616548 0.775820 0.008447 0.406484
0 0.395791 0.590313 0.015234 0.086406
0 0.046372 0.742539 0.038076 0.311641
6 0.318643 0.595352 0.005371 0.187266
7 0.413120 0.608711 0.008857 0.110078
0 0.488188 0.617109 0.016436 0.126563
6 0.360444 0.555391 0.004131 0.097969
0 0.430503 0.836016 0.062021 0.312031
0 0.977466 0.619844 0.019893 0.213281
0 0.513486 0.815625 0.043145 0.368750
6 0.532168 0.591914 0.002949 0.103828
