7 0.517637 0.580820 0.004551 0.058828
6 0.142637 0.687656 0.008359 0.320000
6 0.589521 0.806641 0.010098 0.357344
6 0.573750 0.718086 0.007676 0.297578
6 0.594473 0.732148 0.007500 0.324922
6 0.600093 0.758438 0.007451 0.381250
0 0.408486 0.602305 0.016172 0.106641
0 0.213760 0.890781 0.105957 0.218437
6 0.307207 0.583633 0.005371 0.184453
7 0.378843 0.589180 0.008857 0.110078
0 0.449043 0.604062 0.018242 0.141094
6 0.375820 0.560703 0.004141 0.121406
0 0.467393 0.743437 0.024805 0.259687
0 0.979292 0.559023 0.012217 0.147891
0 0.513486 0.815625 0.043145 0.368750
6 0.530757 0.592227 0.002939 0.102266
