0 0.487031 0.655938 0.010820 0.124219
0 0.735186 0.514453 0.011816 0.129375
0 0.506323 0.686133 0.013057 0.147734
0 0.008174 0.661641 0.016348 0.267188
0 0.027656 0.620742 0.015273 0.170547
0 0.223726 0.678008 0.012705 0.137734
0 0.271240 0.768281 0.020586 0.205469
0 0.261841 0.635547 0.010693 0.127188
0 0.261763 0.543867 0.012295 0.068828
0 0.081802 0.856992 0.060420 0.269922
0 0.471562 0.761875 0.024375 0.249687
0 0.287959 0.696523 0.023613 0.248984
0 0.687686 0.602695 0.014609 0.128984
0 0.743496 0.644727 0.018242 0.208984
