7 0.508721 0.580195 0.004551 0.058828
7 0.537642 0.593477 0.004717 0.065391
6 0.149585 0.698398 0.008076 0.333672
6 0.597002 0.812188 0.010098 0.352656
6 0.579575 0.724258 0.007979 0.309141
6 0.601157 0.739805 0.007998 0.331641
6 0.607578 0.766367 0.007910 0.392734
0 0.402720 0.596836 0.015752 0.097422
0 0.092969 0.824883 0.079160 0.333516
6 0.312402 0.588945 0.005371 0.185703
7 0.395581 0.598086 0.008857 0.110078
0 0.466836 0.610000 0.017422 0.134531
6 0.367573 0.557422 0.004131 0.108906
0 0.458052 0.799766 0.034619 0.330937
0 0.979761 0.581484 0.015713 0.177500
0 0.513486 0.815625 0.043145 0.368750
6 0.531514 0.592773 0.002949 0.103828
