0 0.484814 0.605859 0.009160 0.075625
2 0.019829 0.470742 0.008096 0.118516
2 0.034102 0.504492 0.019277 0.198359
0 0.023433 0.587109 0.012607 0.106250
0 0.014448 0.541289 0.008271 0.059453
0 0.006699 0.677773 0.013398 0.190234
0 0.996157 0.658320 0.007686 0.231172
0 0.093589 0.861250 0.064111 0.274687
0 0.935723 0.782109 0.058750 0.435781
0 0.504810 0.833867 0.039795 0.332266
0 0.505825 0.631445 0.018643 0.104766
0 0.428032 0.846094 0.051279 0.302344
7 0.593071 0.479570 0.002900 0.086328
7 0.580264 0.580820 0.005527 0.135078
0 0.981929 0.569961 0.014658 0.162891
0 0.518013 0.579336 0.007783 0.096797
0 0.537910 0.670000 0.023379 0.320312
0 0.471606 0.689922 0.020615 0.194531
