0 0.982300 0.557344 0.013838 0.147500
0 0.974722 0.521523 0.009795 0.082891
0 0.453394 0.772813 0.029600 0.260469
0 0.484238 0.623906 0.009355 0.085625
2 0.012485 0.455547 0.006396 0.085000
2 0.019033 0.467969 0.008652 0.116719
0 0.011724 0.508750 0.005303 0.054375
0 0.007080 0.492539 0.005156 0.032422
0 0.010029 0.790820 0.020059 0.366797
0 0.993311 0.746406 0.013379 0.337656
0 0.023066 0.589180 0.013633 0.100859
0 0.538950 0.715625 0.026475 0.290313
0 0.504810 0.833867 0.039795 0.332266
0 0.505825 0.631445 0.018643 0.104766
0 0.043198 0.700469 0.026689 0.247500
7 0.593613 0.481758 0.002402 0.080234
0 0.931694 0.742070 0.060674 0.514297
0 0.517627 0.570430 0.008672 0.108828
0 0.156055 0.908789 0.077129 0.179766
