0 0.477090 0.648633 0.014473 0.128047
2 0.015815 0.457461 0.006885 0.100859
2 0.026929 0.488711 0.013799 0.161172
0 0.017251 0.549492 0.008389 0.082578
0 0.009565 0.508398 0.006318 0.039609
0 0.008164 0.723711 0.016328 0.260391
0 0.994902 0.697070 0.010195 0.278047
0 0.040962 0.692773 0.023291 0.188359
0 0.700718 0.838945 0.133721 0.322109
0 0.504810 0.833867 0.039795 0.332266
0 0.505825 0.631445 0.018643 0.104766
0 0.187456 0.920859 0.092881 0.152969
7 0.577041 0.553008 0.004258 0.105859
0 0.975327 0.611875 0.019795 0.232500
0 0.515918 0.555977 0.006719 0.074453
0 0.525361 0.605859 0.012305 0.193125
0 0.438882 0.836133 0.041494 0.326172
