0 0.987549 0.526523 0.009746 0.095234
0 0.474443 0.662578 0.016055 0.142188
0 0.489575 0.583750 0.005400 0.048594
2 0.015342 0.457187 0.006816 0.098594
2 0.025801 0.485742 0.013066 0.154922
0 0.016465 0.543711 0.007949 0.078516
0 0.009146 0.505352 0.006064 0.037422
0 0.008428 0.733320 0.016855 0.275547
0 0.994678 0.704141 0.010645 0.286562
0 0.036499 0.669609 0.021514 0.167187
0 0.630156 0.833438 0.116563 0.333125
0 0.504810 0.833867 0.039795 0.332266
0 0.505825 0.631445 0.018643 0.104766
0 0.134175 0.893281 0.080654 0.213437
7 0.578896 0.540273 0.004199 0.100391
0 0.972773 0.620586 0.021621 0.265859
0 0.515649 0.551172 0.006357 0.070156
0 0.524165 0.599531 0.011533 0.178750
0 0.425659 0.850625 0.052139 0.296250
