0 0.978296 0.517461 0.006768 0.062422
0 0.947725 0.732695 0.045195 0.450234
0 0.563916 0.803008 0.053945 0.374297
0 0.590024 0.744141 0.026924 0.319531
0 0.036431 0.642422 0.019932 0.166719
0 0.224463 0.949648 0.070801 0.100703
0 0.463208 0.740352 0.022119 0.216641
2 0.004600 0.448711 0.004023 0.043203
2 0.009043 0.452148 0.004609 0.069141
0 0.004570 0.475234 0.003027 0.027344
0 0.012695 0.813594 0.025391 0.372812
0 0.991602 0.799219 0.016797 0.401563
0 0.008882 0.498008 0.004404 0.039609
0 0.514307 0.539531 0.003691 0.051562
0 0.504810 0.833867 0.039795 0.332266
0 0.505825 0.631445 0.018643 0.104766
0 0.013315 0.523203 0.006533 0.063750
0 0.519556 0.581797 0.011436 0.140156
0 0.019121 0.556523 0.009062 0.091328
