0 0.983066 0.543906 0.012578 0.145625
0 0.961431 0.710938 0.030479 0.339063
0 0.941099 0.635039 0.023271 0.222109
0 0.182959 0.933164 0.077246 0.133672
0 0.464355 0.727461 0.022656 0.204609
0 0.484487 0.603086 0.008369 0.091797
2 0.008311 0.452891 0.005684 0.064688
2 0.013501 0.457969 0.006006 0.089531
0 0.008218 0.491445 0.004111 0.040547
0 0.003950 0.475469 0.003838 0.025938
0 0.012427 0.812617 0.024854 0.374766
0 0.991602 0.799219 0.016797 0.401563
0 0.014019 0.527813 0.007764 0.051094
0 0.520059 0.598086 0.010137 0.110859
0 0.504810 0.833867 0.039795 0.332266
0 0.505825 0.631445 0.018643 0.104766
0 0.021924 0.571797 0.011543 0.104844
0 0.550127 0.749609 0.038613 0.458594
0 0.034375 0.645352 0.019336 0.179609
