7 0.531631 0.581602 0.004551 0.058828
6 0.131514 0.670430 0.008809 0.298203
6 0.577563 0.797734 0.010088 0.364844
6 0.564424 0.708164 0.007207 0.279141
6 0.583784 0.719883 0.006689 0.314297
6 0.588130 0.745859 0.006729 0.362969
0 0.420962 0.607266 0.016514 0.114062
0 0.395474 0.853359 0.077822 0.293281
6 0.301255 0.578008 0.005381 0.184141
7 0.348281 0.587383 0.008848 0.110078
0 0.423628 0.594141 0.018896 0.146406
6 0.388989 0.570039 0.004131 0.119766
0 0.472158 0.685547 0.018848 0.187031
0 0.978755 0.539961 0.009600 0.112109
0 0.513486 0.815625 0.043145 0.368750
6 0.528179 0.582812 0.002939 0.090313
