0 0.986675 0.531641 0.010420 0.103906
0 0.471802 0.676523 0.017627 0.156172
0 0.488687 0.590430 0.006064 0.054766
2 0.014868 0.456914 0.006748 0.096328
2 0.024673 0.482773 0.012334 0.148516
0 0.015669 0.537891 0.007510 0.074531
0 0.008804 0.503203 0.005908 0.036562
0 0.008696 0.742891 0.017393 0.290781
0 0.994448 0.711172 0.011104 0.295000
0 0.032031 0.646484 0.019727 0.146094
0 0.597856 0.815430 0.087334 0.362578
0 0.504810 0.833867 0.039795 0.332266
0 0.505825 0.631445 0.018643 0.104766
0 0.100547 0.856250 0.071367 0.287500
7 0.580747 0.527500 0.004131 0.094844
0 0.970215 0.629336 0.023438 0.299141
0 0.515386 0.546328 0.006006 0.065938
0 0.522974 0.593203 0.010771 0.164375
0 0.410273 0.872227 0.064414 0.254297
