0 0.987842 0.493008 0.006387 0.065703
0 0.997910 0.540039 0.003457 0.083672
6 0.959517 0.508125 0.002588 0.109375
6 0.962510 0.507773 0.002578 0.107734
0 0.511704 0.586562 0.007451 0.087187
7 0.419966 0.557773 0.003877 0.058828
7 0.363218 0.557383 0.005693 0.104766
6 0.531484 0.587695 0.003535 0.081641
6 0.267017 0.781914 0.011064 0.411484
6 0.729326 0.834961 0.012480 0.326172
6 0.649419 0.761758 0.011064 0.428828
6 0.696919 0.806719 0.012334 0.386563
6 0.739541 0.789414 0.009902 0.419453
0 0.381250 0.568359 0.014805 0.077187
6 0.367510 0.635391 0.005371 0.191719
7 0.446274 0.615352 0.008857 0.110078
6 0.321851 0.536875 0.004131 0.097969
0 0.003467 0.557656 0.006348 0.111250
0 0.562012 0.826523 0.042891 0.287266
0 0.513486 0.815625 0.043145 0.368750
6 0.536743 0.585586 0.002939 0.103828
