0 0.997866 0.555156 0.003955 0.097812
6 0.961353 0.506563 0.002588 0.101562
0 0.529854 0.596836 0.017344 0.115547
7 0.461299 0.572656 0.004551 0.058750
7 0.457988 0.594844 0.006035 0.099063
6 0.203857 0.756523 0.012793 0.407266
6 0.648667 0.830859 0.010732 0.333125
6 0.611050 0.757656 0.009580 0.371250
6 0.640723 0.778320 0.010723 0.367422
6 0.663306 0.781914 0.009893 0.436172
0 0.384644 0.572734 0.014814 0.077187
0 0.003945 0.529453 0.007891 0.140000
6 0.340605 0.616563 0.005371 0.191719
7 0.440190 0.615898 0.008857 0.110078
6 0.338452 0.547188 0.004131 0.097969
0 0.056128 0.768086 0.050635 0.390391
0 0.900103 0.869766 0.091006 0.232969
0 0.513486 0.815625 0.043145 0.368750
6 0.534453 0.588711 0.002949 0.103828
