6 0.961948 0.506016 0.002588 0.099062
0 0.542026 0.603203 0.017510 0.115000
7 0.474863 0.577734 0.004551 0.058750
7 0.485049 0.597695 0.006074 0.092109
6 0.187158 0.739297 0.011172 0.385469
6 0.626665 0.832031 0.010166 0.335312
6 0.601729 0.747734 0.009102 0.352813
6 0.628291 0.767461 0.009922 0.356797
6 0.642773 0.778203 0.009629 0.436250
0 0.387334 0.578789 0.014805 0.077109
0 0.014155 0.605078 0.016338 0.173750
6 0.332148 0.609258 0.005371 0.190703
7 0.432690 0.614414 0.008857 0.110078
0 0.535742 0.609297 0.012305 0.141406
6 0.346226 0.549609 0.004131 0.097969
0 0.154155 0.868750 0.108115 0.262500
0 0.950103 0.794141 0.043584 0.396094
0 0.513486 0.815625 0.043145 0.368750
6 0.533584 0.589961 0.002949 0.103828
