2 0.022847 0.481250 0.009033 0.131562
2 0.047031 0.512266 0.032266 0.240937
0 0.036709 0.652695 0.019941 0.159766
0 0.018892 0.569609 0.009678 0.073906
0 0.005630 0.652969 0.011260 0.156562
0 0.997065 0.630195 0.005869 0.197109
0 0.289785 0.962500 0.061191 0.075000
0 0.965137 0.690156 0.026953 0.321250
0 0.504810 0.833867 0.039795 0.332266
0 0.505825 0.631445 0.018643 0.104766
0 0.463359 0.734609 0.024141 0.219219
7 0.596255 0.470859 0.004033 0.067656
7 0.584512 0.505625 0.004492 0.094531
7 0.599595 0.590117 0.006357 0.176328
0 0.984858 0.557617 0.011631 0.128359
0 0.521694 0.606484 0.009697 0.127812
0 0.565684 0.750039 0.053691 0.465391
0 0.478721 0.635938 0.012793 0.118594
