0 0.983433 0.543242 0.012178 0.141172
0 0.964131 0.694922 0.028320 0.317500
0 0.945537 0.622148 0.020898 0.207266
0 0.213418 0.948438 0.066621 0.103125
0 0.466758 0.715352 0.020430 0.186641
0 0.485098 0.600469 0.008105 0.089063
2 0.008496 0.453086 0.005762 0.065703
2 0.013735 0.458281 0.006084 0.090625
0 0.008398 0.492344 0.004160 0.041250
0 0.004136 0.475469 0.003896 0.025938
0 0.012295 0.812109 0.024590 0.375781
0 0.991602 0.799219 0.016797 0.401563
0 0.014282 0.529492 0.007959 0.051641
0 0.520366 0.601562 0.010439 0.114062
0 0.504810 0.833867 0.039795 0.332266
0 0.505825 0.631445 0.018643 0.104766
0 0.022515 0.575625 0.012178 0.109688
0 0.556953 0.752695 0.045996 0.462891
0 0.035669 0.655586 0.021338 0.187266
