2 0.025488 0.490469 0.009863 0.143125
2 0.059331 0.519062 0.041650 0.278281
0 0.057192 0.752695 0.030049 0.260391
0 0.022773 0.594375 0.010918 0.086562
0 0.004697 0.631289 0.009395 0.126953
0 0.997866 0.605508 0.004268 0.167266
0 0.420854 0.863945 0.056689 0.265703
0 0.974888 0.630742 0.017432 0.221172
0 0.504810 0.833867 0.039795 0.332266
0 0.505825 0.631445 0.018643 0.104766
0 0.474790 0.676719 0.015029 0.120156
7 0.589043 0.489219 0.004531 0.080625
7 0.577773 0.527148 0.005898 0.101641
7 0.629360 0.606367 0.009600 0.208047
0 0.986875 0.552109 0.009199 0.102812
0 0.526187 0.628437 0.011904 0.151250
0 0.649404 0.746563 0.134766 0.506875
0 0.483867 0.607383 0.009160 0.073359
