0 0.983184 0.473438 0.005430 0.046875
0 0.988398 0.495078 0.006797 0.060469
6 0.958042 0.509375 0.002588 0.115625
6 0.960859 0.511094 0.002578 0.115312
0 0.504985 0.580195 0.005283 0.061484
7 0.391831 0.549219 0.004541 0.058750
7 0.293594 0.529375 0.007480 0.112656
6 0.529468 0.588555 0.003525 0.081641
6 0.316099 0.774570 0.010928 0.393047
6 0.806050 0.826250 0.012979 0.324219
6 0.695605 0.784219 0.011426 0.431562
6 0.757910 0.809023 0.012324 0.381953
6 0.809775 0.775078 0.009902 0.443125
0 0.380786 0.571406 0.014814 0.077187
6 0.389033 0.650469 0.005371 0.191719
7 0.446211 0.614570 0.008848 0.110078
6 0.314390 0.538125 0.004131 0.097969
0 0.540483 0.732734 0.022939 0.228281
0 0.513486 0.815625 0.043145 0.368750
6 0.536743 0.585586 0.002939 0.103828
