0 0.988662 0.495859 0.006602 0.070469
6 0.959663 0.507969 0.002588 0.108750
6 0.962676 0.507461 0.002578 0.106953
0 0.512378 0.587227 0.007666 0.089766
7 0.423003 0.558711 0.004111 0.058828
7 0.370796 0.561836 0.005752 0.103203
6 0.531772 0.587617 0.003525 0.081641
6 0.261963 0.779883 0.011211 0.411172
6 0.722129 0.834141 0.012344 0.326719
6 0.646118 0.762109 0.010947 0.424219
6 0.691528 0.806484 0.012334 0.387031
6 0.732520 0.790859 0.009902 0.417031
0 0.381294 0.568047 0.014814 0.077188
6 0.365361 0.633906 0.005371 0.191719
7 0.446401 0.616914 0.008857 0.110078
6 0.322612 0.537500 0.004131 0.097969
0 0.004878 0.559805 0.008604 0.135078
0 0.568330 0.836797 0.049648 0.276094
0 0.513486 0.815625 0.043145 0.368750
6 0.536743 0.585586 0.002939 0.103828
