0 0.972456 0.542812 0.009912 0.095625
0 0.919961 0.735664 0.028594 0.283359
0 0.828555 0.761914 0.148320 0.473828
0 0.536235 0.709336 0.026064 0.265703
0 0.549463 0.640508 0.014434 0.191484
0 0.026260 0.588281 0.012461 0.114062
0 0.076787 0.831953 0.051172 0.336094
0 0.428667 0.859531 0.048936 0.280937
0 0.003369 0.473828 0.003027 0.027344
0 0.012695 0.813594 0.025391 0.372812
0 0.991602 0.799219 0.016797 0.401563
0 0.006929 0.489453 0.003779 0.033438
0 0.504810 0.833867 0.039795 0.332266
0 0.505825 0.631445 0.018643 0.104766
0 0.010967 0.506406 0.004883 0.049687
0 0.515654 0.557852 0.008203 0.094297
0 0.015723 0.534258 0.007324 0.066641
