6 0.963120 0.505000 0.002588 0.094062
7 0.503379 0.579805 0.004551 0.058828
7 0.530659 0.591914 0.004951 0.069922
6 0.153760 0.704844 0.007910 0.341875
6 0.601484 0.815508 0.010098 0.349766
6 0.583071 0.727969 0.008154 0.315938
6 0.605166 0.744414 0.008301 0.335547
6 0.612061 0.771055 0.008184 0.399609
0 0.399253 0.593555 0.015498 0.091953
0 0.060220 0.808867 0.053584 0.382266
6 0.315518 0.592148 0.005371 0.186484
7 0.405620 0.603477 0.008857 0.110078
0 0.477510 0.613555 0.016934 0.130547
6 0.363721 0.556719 0.004141 0.097969
0 0.446694 0.829297 0.046318 0.339844
0 0.980039 0.594961 0.017793 0.195391
0 0.513486 0.815625 0.043145 0.368750
6 0.531841 0.592383 0.002939 0.103828
