7 0.528325 0.581602 0.004541 0.058828
6 0.134297 0.674727 0.008691 0.303672
6 0.580552 0.799961 0.010088 0.363047
6 0.566758 0.710625 0.007324 0.283750
6 0.586455 0.722930 0.006895 0.316953
6 0.591123 0.748984 0.006914 0.367500
0 0.417036 0.606953 0.016514 0.114062
0 0.371963 0.869063 0.096582 0.261875
6 0.302656 0.579297 0.005371 0.184219
7 0.356060 0.587383 0.008857 0.110078
0 0.429224 0.596719 0.018896 0.146406
6 0.385698 0.565859 0.004131 0.123906
0 0.471445 0.700000 0.019375 0.205156
0 0.978882 0.544141 0.010146 0.120625
0 0.513486 0.815625 0.043145 0.368750
6 0.528823 0.585156 0.002939 0.093281
