0 0.979478 0.512813 0.006533 0.057500
0 0.956064 0.692383 0.034473 0.384922
0 0.585068 0.821602 0.077285 0.346328
0 0.611191 0.761641 0.035508 0.318125
0 0.039116 0.656836 0.021982 0.181172
0 0.293086 0.954063 0.066113 0.091875
0 0.467847 0.708125 0.019502 0.189375
2 0.004971 0.449141 0.004199 0.045312
2 0.009365 0.452773 0.004590 0.071016
0 0.004922 0.476250 0.003086 0.027969
0 0.001563 0.475469 0.003125 0.025938
0 0.012695 0.813594 0.025391 0.372812
0 0.991602 0.799219 0.016797 0.401563
0 0.009370 0.500156 0.004580 0.041094
0 0.514824 0.544023 0.004375 0.056953
0 0.504810 0.833867 0.039795 0.332266
0 0.505825 0.631445 0.018643 0.104766
0 0.013911 0.527578 0.006943 0.067188
0 0.520786 0.588750 0.012217 0.153438
0 0.019995 0.562617 0.009541 0.098828
