0 0.973262 0.539141 0.009355 0.090469
0 0.929829 0.696914 0.020693 0.231172
0 0.857451 0.761367 0.132090 0.477266
0 0.538359 0.723398 0.028184 0.287266
0 0.551660 0.648203 0.015625 0.203594
0 0.027021 0.591992 0.012754 0.116016
0 0.084697 0.842617 0.056914 0.314766
0 0.434546 0.849766 0.044736 0.296250
0 0.003369 0.473828 0.003027 0.027344
0 0.012695 0.813594 0.025391 0.372812
0 0.991602 0.799219 0.016797 0.401563
0 0.007173 0.490547 0.003857 0.034219
0 0.504810 0.833867 0.039795 0.332266
0 0.505825 0.631445 0.018643 0.104766
0 0.011230 0.507812 0.005078 0.051562
0 0.515771 0.559414 0.008652 0.097266
0 0.016108 0.536289 0.007471 0.067734
