0 0.987114 0.529102 0.010088 0.099609
0 0.473120 0.669570 0.016846 0.149141
0 0.489131 0.587070 0.005723 0.051641
2 0.015107 0.457031 0.006777 0.097500
2 0.025234 0.484258 0.012695 0.151641
0 0.016069 0.540781 0.007725 0.076563
0 0.008975 0.504258 0.005996 0.036953
0 0.008564 0.738086 0.017129 0.283203
0 0.994561 0.707656 0.010879 0.290781
0 0.034263 0.658086 0.020615 0.156641
0 0.612183 0.824414 0.101943 0.347891
0 0.504810 0.833867 0.039795 0.332266
0 0.505825 0.631445 0.018643 0.104766
0 0.113989 0.874766 0.076006 0.250469
7 0.579824 0.533867 0.004160 0.097578
0 0.971494 0.625000 0.022520 0.282500
0 0.515518 0.548750 0.006172 0.067969
0 0.523569 0.596406 0.011162 0.171562
0 0.417964 0.861445 0.058271 0.275234
