0 0.984395 0.478789 0.005645 0.051016
0 0.990947 0.501016 0.006973 0.071094
6 0.958481 0.508984 0.002588 0.113750
6 0.961357 0.510117 0.002578 0.113047
0 0.507002 0.582109 0.005938 0.069219
7 0.399683 0.551133 0.004287 0.058828
7 0.313242 0.532773 0.007480 0.112734
6 0.529468 0.588555 0.003525 0.081641
6 0.301421 0.777695 0.010928 0.399297
6 0.782271 0.831641 0.012979 0.324219
6 0.680059 0.774141 0.011426 0.436250
6 0.739233 0.808359 0.012334 0.383281
6 0.788706 0.779375 0.009893 0.436094
0 0.380923 0.570469 0.014814 0.077187
6 0.382578 0.645938 0.005371 0.191719
7 0.446211 0.614570 0.008848 0.110078
6 0.316479 0.532578 0.004131 0.097969
0 0.546284 0.760742 0.028174 0.248672
0 0.513486 0.815625 0.043145 0.368750
6 0.536743 0.585586 0.002939 0.103828
