6 0.962241 0.505781 0.002588 0.097813
0 0.545444 0.605977 0.011064 0.098203
7 0.481992 0.578242 0.004551 0.058828
7 0.497397 0.594609 0.005811 0.086875
6 0.178809 0.730703 0.010352 0.374531
6 0.619429 0.828828 0.010088 0.338437
6 0.597061 0.742812 0.008867 0.343594
6 0.622070 0.762070 0.009512 0.351484
6 0.634531 0.777930 0.009258 0.427109
0 0.388677 0.581797 0.014814 0.077187
0 0.020806 0.633125 0.021240 0.207344
6 0.327988 0.604961 0.005371 0.189609
7 0.428096 0.615859 0.008848 0.110156
0 0.521733 0.611328 0.017412 0.141406
6 0.350601 0.551406 0.004131 0.097969
0 0.287397 0.901250 0.101416 0.197500
0 0.961641 0.727734 0.033477 0.319531
0 0.513486 0.815625 0.043145 0.368750
6 0.533149 0.590547 0.002939 0.103750
