6 0.962388 0.505664 0.002588 0.097266
0 0.547075 0.606406 0.008506 0.084063
7 0.485557 0.578516 0.004551 0.058750
7 0.503569 0.593125 0.005674 0.084219
6 0.174634 0.726367 0.009951 0.369141
6 0.616436 0.826641 0.010098 0.340313
6 0.594736 0.740352 0.008750 0.338984
6 0.618965 0.759336 0.009316 0.348828
6 0.630410 0.777813 0.009082 0.422500
0 0.389351 0.583359 0.014814 0.077187
0 0.024131 0.647109 0.023691 0.224219
6 0.325908 0.602852 0.005371 0.189141
7 0.425796 0.616602 0.008857 0.110078
0 0.512583 0.611289 0.016826 0.141328
6 0.352788 0.552266 0.004131 0.097969
0 0.354014 0.900625 0.098066 0.198750
0 0.967407 0.694531 0.028428 0.281250
0 0.513486 0.815625 0.043145 0.368750
6 0.532930 0.590820 0.002949 0.103828
