2 0.021714 0.477305 0.008682 0.126641
2 0.041758 0.509336 0.028242 0.224922
0 0.028467 0.610937 0.016699 0.118750
0 0.017222 0.559023 0.009150 0.068516
0 0.006030 0.662305 0.012061 0.169141
0 0.996724 0.640742 0.006553 0.209922
0 0.186201 0.939844 0.066660 0.120313
0 0.956353 0.731484 0.037021 0.385469
0 0.504810 0.833867 0.039795 0.332266
0 0.505825 0.631445 0.018643 0.104766
0 0.455581 0.771094 0.029170 0.271094
7 0.587397 0.496367 0.003896 0.091484
7 0.590454 0.585430 0.006045 0.157266
0 0.983994 0.560039 0.012676 0.139297
0 0.520229 0.595586 0.008877 0.115391
0 0.550449 0.730234 0.037207 0.438594
0 0.476519 0.648164 0.014365 0.138047
