0 0.980073 0.510508 0.006416 0.055078
0 0.959038 0.676836 0.031318 0.352891
0 0.598765 0.835547 0.093018 0.328906
0 0.623672 0.759922 0.042070 0.287969
0 0.040459 0.664062 0.023008 0.188438
0 0.324482 0.941836 0.079355 0.116328
0 0.469556 0.693555 0.018838 0.183672
2 0.005156 0.449336 0.004277 0.046328
2 0.009526 0.453086 0.004580 0.071953
0 0.005103 0.477109 0.003135 0.028750
0 0.001563 0.475469 0.003125 0.025938
0 0.012695 0.813594 0.025391 0.372812
0 0.991602 0.799219 0.016797 0.401563
0 0.009614 0.501250 0.004658 0.041875
0 0.515083 0.546250 0.004717 0.059688
0 0.504810 0.833867 0.039795 0.332266
0 0.505825 0.631445 0.018643 0.104766
0 0.014204 0.529766 0.007158 0.068906
0 0.521396 0.592187 0.012598 0.160156
0 0.020435 0.565664 0.009775 0.102578
