6 0.962461 0.505625 0.002598 0.096875
0 0.547886 0.606641 0.007217 0.077031
7 0.487339 0.578633 0.004541 0.058828
7 0.506660 0.592383 0.005605 0.082891
6 0.172549 0.724219 0.009746 0.366406
6 0.614941 0.825547 0.010098 0.341250
6 0.593564 0.739102 0.008691 0.336641
6 0.617407 0.758008 0.009209 0.347578
6 0.628345 0.777695 0.008994 0.420234
0 0.389687 0.584062 0.014805 0.077188
0 0.025796 0.654141 0.024912 0.232656
6 0.324873 0.601758 0.005371 0.188828
7 0.424648 0.616914 0.008848 0.110078
0 0.508013 0.611289 0.016533 0.141328
6 0.353882 0.552734 0.004131 0.097969
0 0.367153 0.888594 0.092959 0.217656
0 0.970288 0.677930 0.025908 0.262109
0 0.513486 0.815625 0.043145 0.368750
6 0.532822 0.590977 0.002949 0.103828
