0 0.985205 0.482422 0.005801 0.053750
0 0.992817 0.509180 0.006436 0.076172
6 0.958774 0.508750 0.002588 0.112500
6 0.961680 0.509414 0.002578 0.111484
0 0.508340 0.583359 0.006367 0.074375
7 0.405405 0.553047 0.004014 0.058750
7 0.326338 0.535078 0.007480 0.112656
6 0.530044 0.588320 0.003525 0.081641
6 0.291636 0.779766 0.010928 0.403438
6 0.766421 0.835234 0.012979 0.324219
6 0.669692 0.767461 0.011436 0.439453
6 0.726787 0.807891 0.012324 0.384219
6 0.774658 0.782227 0.009902 0.431328
0 0.381021 0.569883 0.014814 0.077109
6 0.378271 0.642930 0.005371 0.191641
7 0.446211 0.614570 0.008848 0.110078
6 0.318013 0.533828 0.004131 0.097969
0 0.550151 0.779414 0.031670 0.262266
0 0.513486 0.815625 0.043145 0.368750
6 0.536743 0.585586 0.002939 0.103828
