0 0.954893 0.592969 0.017207 0.165625
0 0.673921 0.858359 0.081650 0.283281
0 0.577646 0.763711 0.062285 0.472578
0 0.522080 0.611914 0.012793 0.131328
0 0.532695 0.576563 0.009727 0.092187
0 0.019375 0.554883 0.009824 0.096484
0 0.038691 0.669883 0.022031 0.200859
0 0.254336 0.961016 0.067695 0.077969
0 0.012695 0.813594 0.025391 0.372812
0 0.991602 0.799219 0.016797 0.401563
0 0.004976 0.480859 0.003135 0.027344
0 0.504810 0.833867 0.039795 0.332266
0 0.505825 0.631445 0.018643 0.104766
0 0.008584 0.493828 0.003047 0.032656
0 0.514873 0.543672 0.005937 0.079688
0 0.012192 0.516172 0.005986 0.057500
