6 0.961650 0.506289 0.002598 0.100391
0 0.534702 0.598398 0.017842 0.120391
7 0.468081 0.575195 0.004541 0.058828
7 0.471523 0.596250 0.006055 0.095625
6 0.195508 0.747930 0.011973 0.396328
6 0.637666 0.831406 0.010449 0.334219
6 0.606392 0.752734 0.009346 0.362031
6 0.634507 0.772930 0.010322 0.362109
6 0.651826 0.779102 0.009902 0.441797
0 0.385991 0.575781 0.014814 0.077187
0 0.008374 0.565312 0.012080 0.156875
6 0.336299 0.613516 0.005371 0.191719
7 0.437285 0.613008 0.008848 0.110078
0 0.548330 0.606563 0.005098 0.141406
6 0.341851 0.547891 0.004131 0.097969
0 0.088350 0.817148 0.079375 0.345078
0 0.934512 0.815195 0.058203 0.330078
0 0.513486 0.815625 0.043145 0.368750
6 0.534019 0.589336 0.002939 0.103828
