6 0.959800 0.522930 0.004502 0.141172
6 0.947354 0.588203 0.007344 0.234062
0 0.435469 0.830586 0.031836 0.251328
0 0.475894 0.755117 0.020537 0.255391
0 0.492114 0.621445 0.012139 0.164297
0 0.012773 0.744648 0.025234 0.367109
6 0.109961 0.638477 0.005410 0.191328
7 0.138174 0.675742 0.008496 0.240703
4 0.138311 0.759766 0.012832 0.166406
0 0.134063 0.542305 0.013262 0.068359
0 0.014214 0.514375 0.007197 0.070312
0 0.098979 0.555156 0.013174 0.077187
0 0.039639 0.602148 0.014746 0.126328
2 0.558037 0.640977 0.070254 0.716484
0 0.507812 0.709336 0.016426 0.192578
