6 0.965840 0.523008 0.003984 0.103516
6 0.962383 0.567734 0.006523 0.182500
0 0.231680 0.928984 0.060820 0.142031
0 0.398877 0.880664 0.082910 0.238672
0 0.486294 0.642461 0.018291 0.253984
0 0.010845 0.706250 0.021553 0.314844
6 0.085776 0.602578 0.004346 0.152188
7 0.119541 0.661211 0.008184 0.199453
4 0.120278 0.734961 0.011143 0.135547
0 0.144478 0.538359 0.012529 0.057500
0 0.013047 0.509258 0.005801 0.059141
0 0.111128 0.543750 0.010947 0.054688
0 0.028931 0.562461 0.008994 0.075391
2 0.557026 0.639102 0.064717 0.717734
0 0.509570 0.691719 0.015176 0.183906
