6 0.946440 0.539062 0.005596 0.176719
6 0.909600 0.668984 0.009297 0.366094
0 0.476069 0.673203 0.008779 0.109844
0 0.489917 0.656719 0.010361 0.114375
0 0.017065 0.790742 0.033545 0.418516
6 0.158970 0.689297 0.006748 0.246094
7 0.150996 0.700547 0.007676 0.256719
0 0.204512 0.533203 0.011563 0.062812
4 0.151929 0.780898 0.014697 0.157109
0 0.072637 0.558672 0.012422 0.066094
0 0.106543 0.560352 0.013516 0.068828
0 0.016816 0.537891 0.010332 0.094531
0 0.072998 0.567578 0.009336 0.059219
0 0.139082 0.859922 0.078945 0.280156
2 0.585410 0.547305 0.116504 0.887109
0 0.506060 0.734648 0.018506 0.207734
