6 0.943218 0.546914 0.005967 0.187109
6 0.890547 0.711445 0.010020 0.415703
0 0.479277 0.655117 0.009336 0.105859
0 0.492329 0.638945 0.009932 0.094609
0 0.019214 0.794141 0.037744 0.411719
6 0.174014 0.716094 0.006934 0.258281
7 0.151191 0.709961 0.008477 0.265234
0 0.197729 0.539336 0.011924 0.066328
4 0.151309 0.788398 0.017109 0.180547
0 0.074746 0.579375 0.012422 0.066094
0 0.098208 0.566094 0.014072 0.070781
0 0.018813 0.559063 0.011201 0.101250
0 0.070132 0.579414 0.009014 0.058359
0 0.295605 0.919531 0.074609 0.160937
2 0.617554 0.492852 0.177197 0.985703
0 0.505820 0.741914 0.019219 0.213047
