6 0.942642 0.548516 0.006045 0.189219
6 0.886562 0.719922 0.010156 0.425625
0 0.479917 0.651484 0.009443 0.105000
0 0.492808 0.635352 0.009854 0.090703
0 0.019316 0.795156 0.037988 0.409687
6 0.176973 0.719570 0.006973 0.260703
7 0.150542 0.715547 0.008408 0.275156
0 0.195796 0.539922 0.012002 0.067031
4 0.150718 0.790508 0.016787 0.180859
0 0.074746 0.579375 0.012422 0.066094
0 0.096587 0.568477 0.014189 0.071172
0 0.019468 0.565430 0.011201 0.101328
0 0.068916 0.581484 0.009238 0.060781
0 0.323877 0.911797 0.075684 0.173594
2 0.625723 0.492344 0.191328 0.984688
0 0.505771 0.745820 0.020176 0.218984
