6 0.955684 0.526641 0.004844 0.155781
6 0.938218 0.601445 0.007861 0.266953
0 0.457598 0.759609 0.018320 0.205469
0 0.483979 0.697109 0.013467 0.163594
0 0.013848 0.766016 0.027285 0.396250
6 0.125229 0.653359 0.006025 0.213594
7 0.145796 0.694570 0.007314 0.267109
4 0.145249 0.761719 0.013740 0.162500
0 0.069424 0.541328 0.012422 0.066094
0 0.124731 0.543828 0.012490 0.068437
0 0.014888 0.518047 0.007959 0.076562
0 0.092583 0.554063 0.012041 0.065469
0 0.052236 0.649062 0.023555 0.169375
2 0.560850 0.636367 0.077812 0.726953
0 0.506836 0.719141 0.017109 0.197344
