6 0.965684 0.560898 0.006250 0.165234
0 0.133359 0.865625 0.060273 0.268750
0 0.233018 0.932539 0.116621 0.134922
0 0.483159 0.654766 0.021396 0.296094
0 0.010205 0.693438 0.020313 0.297344
6 0.080156 0.597539 0.004180 0.142109
7 0.114746 0.658164 0.008145 0.196641
4 0.114927 0.733008 0.010596 0.122109
0 0.146660 0.532852 0.012090 0.051953
0 0.012773 0.511523 0.005371 0.055547
0 0.114683 0.543359 0.011455 0.052344
0 0.026396 0.553281 0.007402 0.069375
2 0.557769 0.635781 0.065029 0.723594
0 0.509961 0.686484 0.014648 0.180781
