6 0.967314 0.556367 0.006074 0.153828
0 0.102363 0.794297 0.039512 0.204531
0 0.112939 0.859102 0.099707 0.281797
0 0.481069 0.662969 0.023467 0.324062
0 0.009775 0.684922 0.019492 0.285781
6 0.076411 0.594180 0.004072 0.135391
7 0.111108 0.652422 0.008115 0.187344
4 0.111362 0.724648 0.010225 0.127266
0 0.147471 0.534297 0.011797 0.048281
0 0.012588 0.513008 0.005078 0.053047
0 0.115283 0.545703 0.010840 0.057031
0 0.024707 0.547187 0.006328 0.065312
2 0.558267 0.633555 0.065244 0.727578
0 0.510161 0.683203 0.014268 0.178594
