6 0.963159 0.522930 0.004209 0.120234
6 0.955703 0.576836 0.006895 0.205391
0 0.369517 0.900664 0.056807 0.198672
0 0.453784 0.834141 0.041162 0.331719
0 0.490479 0.626055 0.014160 0.197891
0 0.011704 0.723320 0.023193 0.338047
6 0.095713 0.619219 0.004766 0.168906
7 0.128237 0.677305 0.008428 0.248516
4 0.127979 0.745156 0.011895 0.146250
0 0.138306 0.540039 0.011455 0.050703
0 0.013540 0.510703 0.006416 0.064062
0 0.105776 0.548516 0.012041 0.065156
0 0.033193 0.578164 0.011406 0.092734
2 0.556040 0.643516 0.064307 0.710000
0 0.508789 0.699570 0.015723 0.187734
