6 0.963823 0.522969 0.004150 0.116094
6 0.957373 0.574531 0.006797 0.199687
0 0.345244 0.913555 0.059707 0.170703
0 0.444966 0.841680 0.050869 0.316641
0 0.489434 0.630156 0.015195 0.211875
0 0.011489 0.719023 0.022783 0.332266
6 0.093027 0.614258 0.004648 0.164453
7 0.126064 0.680312 0.008359 0.250312
4 0.125913 0.742227 0.011709 0.142266
0 0.139507 0.541055 0.011768 0.055859
0 0.013408 0.509961 0.006270 0.062891
0 0.107134 0.547187 0.011807 0.062656
0 0.031909 0.573359 0.010732 0.086094
2 0.556284 0.642422 0.064404 0.711875
0 0.508984 0.697617 0.015586 0.186797
