6 0.961812 0.522969 0.004326 0.128594
6 0.952363 0.581367 0.007070 0.216797
0 0.403086 0.873477 0.047969 0.248516
0 0.464673 0.816641 0.031299 0.332344
0 0.491128 0.624219 0.013350 0.184531
0 0.012129 0.731875 0.024004 0.349688
6 0.101094 0.629180 0.005020 0.177891
7 0.132349 0.676406 0.008486 0.248750
4 0.132109 0.751016 0.012266 0.154375
0 0.136235 0.545508 0.011514 0.068359
0 0.013813 0.512188 0.006729 0.066562
0 0.103057 0.551172 0.012500 0.070000
0 0.035771 0.587773 0.012734 0.106172
2 0.556353 0.643711 0.065713 0.710078
0 0.508398 0.703477 0.015996 0.189609
