6 0.972686 0.543789 0.005273 0.133203
0 0.055327 0.656758 0.010439 0.145859
0 0.036108 0.700117 0.023584 0.239297
0 0.446523 0.722891 0.058867 0.554219
0 0.484526 0.658828 0.013154 0.142188
0 0.008569 0.669492 0.017139 0.260234
6 0.063643 0.582461 0.003691 0.111953
7 0.099224 0.630703 0.007607 0.169844
4 0.099683 0.688594 0.008486 0.114688
0 0.153838 0.520156 0.011211 0.040938
0 0.011943 0.518359 0.004043 0.044531
0 0.020933 0.532930 0.005010 0.048203
2 0.561396 0.626172 0.068789 0.740469
0 0.510850 0.671680 0.012910 0.171016
