6 0.952915 0.530352 0.005068 0.162109
6 0.930854 0.613867 0.008291 0.296641
0 0.466885 0.723945 0.014043 0.170859
0 0.485850 0.684609 0.012363 0.148125
0 0.014487 0.778789 0.028525 0.413672
6 0.135566 0.660703 0.006406 0.227031
7 0.150371 0.697422 0.006602 0.266094
4 0.150449 0.764492 0.013125 0.171172
0 0.070234 0.543984 0.012422 0.066094
0 0.119917 0.548086 0.012803 0.068359
0 0.015288 0.520273 0.008428 0.080234
0 0.087998 0.552969 0.011602 0.065000
0 0.063848 0.695781 0.031016 0.215000
2 0.564985 0.623750 0.083799 0.748437
0 0.506396 0.724492 0.017520 0.200234
