6 0.958462 0.522891 0.004619 0.149531
6 0.944009 0.592734 0.007529 0.245469
0 0.446338 0.794531 0.023535 0.235938
0 0.479126 0.730312 0.017705 0.215469
0 0.492769 0.619648 0.011338 0.150859
0 0.013203 0.753203 0.026055 0.378750
6 0.115874 0.644687 0.005654 0.200156
7 0.141221 0.682344 0.008027 0.249375
4 0.141084 0.761328 0.013203 0.163281
0 0.130332 0.542891 0.012949 0.068438
0 0.014482 0.515859 0.007500 0.072813
0 0.096245 0.558906 0.012197 0.065000
0 0.043320 0.616328 0.016992 0.135938
2 0.559165 0.639102 0.073271 0.720703
0 0.507422 0.713242 0.016699 0.194453
