6 0.951987 0.531602 0.005146 0.164141
6 0.928398 0.618047 0.008437 0.306563
0 0.468198 0.716680 0.013291 0.162109
0 0.486470 0.680469 0.012002 0.142969
0 0.014702 0.783086 0.028936 0.419453
6 0.139009 0.663164 0.006533 0.231484
7 0.150815 0.682734 0.008525 0.234531
4 0.151631 0.772344 0.012930 0.158750
0 0.070503 0.544844 0.012412 0.066094
0 0.119849 0.549453 0.013408 0.068437
0 0.015425 0.520977 0.008584 0.081484
0 0.085854 0.555039 0.011279 0.064141
0 0.070073 0.721680 0.034619 0.246484
2 0.566772 0.617891 0.086045 0.758125
0 0.506353 0.725977 0.017666 0.201328
