6 0.971924 0.545508 0.005391 0.135703
0 0.057573 0.674453 0.015713 0.176094
0 0.039629 0.722695 0.026523 0.274453
0 0.455464 0.729141 0.048818 0.541719
0 0.485508 0.652344 0.012148 0.133906
0 0.008711 0.670117 0.017422 0.262266
6 0.065181 0.584141 0.003740 0.115313
7 0.100615 0.634062 0.007852 0.174063
4 0.100605 0.697266 0.009805 0.121094
0 0.153027 0.521445 0.011211 0.041016
0 0.012036 0.517578 0.004189 0.045781
0 0.021421 0.534805 0.005146 0.050703
2 0.560449 0.627070 0.067285 0.738828
0 0.510752 0.673320 0.013105 0.172109
