6 0.962485 0.522930 0.004268 0.124453
6 0.954033 0.579102 0.006992 0.211172
0 0.386299 0.887109 0.052383 0.223594
0 0.459229 0.829688 0.036230 0.340625
0 0.490801 0.625117 0.013750 0.191172
0 0.011919 0.727578 0.023604 0.343906
6 0.098403 0.624219 0.004893 0.173438
7 0.130415 0.674297 0.008486 0.246719
4 0.130044 0.748086 0.012080 0.150391
0 0.136855 0.546797 0.010664 0.061094
0 0.013677 0.511406 0.006572 0.065312
0 0.104414 0.549844 0.012266 0.067500
0 0.034482 0.582969 0.012070 0.099531
2 0.555791 0.644648 0.064199 0.708047
0 0.508594 0.701523 0.015859 0.188672
