6 0.940918 0.553438 0.006270 0.195469
6 0.874614 0.745430 0.010596 0.455391
0 0.019629 0.798164 0.038730 0.403672
6 0.185112 0.726719 0.007080 0.267969
7 0.149233 0.719102 0.006943 0.278359
0 0.190239 0.542617 0.012217 0.069141
4 0.148950 0.796914 0.015830 0.181484
0 0.074746 0.579375 0.012422 0.066094
0 0.091704 0.575625 0.014521 0.072500
0 0.021421 0.583828 0.011475 0.105000
0 0.065264 0.587734 0.009922 0.068125
0 0.379907 0.878594 0.067139 0.240000
2 0.667358 0.490820 0.268018 0.981641
0 0.505620 0.757539 0.023057 0.236953
