6 0.965171 0.522969 0.004033 0.107656
6 0.960713 0.570000 0.006621 0.188281
0 0.274175 0.933672 0.059287 0.132656
0 0.421201 0.862812 0.068574 0.274375
0 0.487339 0.638359 0.017256 0.240000
0 0.011060 0.710547 0.021963 0.320625
6 0.087646 0.604258 0.004395 0.155547
7 0.121719 0.666016 0.008242 0.213281
4 0.122065 0.739102 0.011338 0.132891
0 0.142593 0.540195 0.012314 0.059297
0 0.013135 0.508477 0.005957 0.060391
0 0.109854 0.544531 0.011348 0.057813
0 0.029775 0.565547 0.009531 0.077344
2 0.556782 0.640195 0.064619 0.715859
0 0.509375 0.693672 0.015313 0.184844
