6 0.954766 0.527852 0.004922 0.157891
6 0.935767 0.605586 0.007998 0.276797
0 0.460693 0.747734 0.016895 0.193906
0 0.484604 0.692969 0.013096 0.158438
0 0.014058 0.770273 0.027705 0.402109
6 0.128672 0.655781 0.006152 0.218125
7 0.147319 0.695508 0.007080 0.266797
4 0.147261 0.763711 0.013545 0.164141
0 0.069692 0.542188 0.012412 0.066094
0 0.122861 0.544141 0.012344 0.068438
0 0.015020 0.518789 0.008125 0.077734
0 0.091362 0.552500 0.011982 0.065625
0 0.055498 0.660742 0.026035 0.184609
2 0.561411 0.635430 0.079326 0.729141
0 0.506641 0.721094 0.017246 0.198281
