6 0.956611 0.525391 0.004766 0.153750
6 0.940674 0.597305 0.007715 0.256953
0 0.454502 0.771523 0.019746 0.216953
0 0.482363 0.707500 0.014883 0.179531
0 0.013633 0.761758 0.026875 0.390391
6 0.121787 0.650898 0.005898 0.209141
7 0.144272 0.693594 0.007549 0.267500
4 0.143862 0.762500 0.013564 0.160938
0 0.069155 0.540469 0.012412 0.066094
0 0.126597 0.543516 0.012646 0.068438
0 0.014756 0.517305 0.007812 0.075234
0 0.093799 0.555703 0.012090 0.065312
0 0.048975 0.637383 0.021055 0.154141
2 0.560288 0.637305 0.076299 0.724922
0 0.507031 0.717148 0.016973 0.196328
