6 0.961147 0.522930 0.004385 0.132734
6 0.950693 0.583633 0.007168 0.222578
0 0.415874 0.866641 0.040146 0.266719
0 0.470117 0.803594 0.026367 0.324062
0 0.491455 0.623320 0.012949 0.177734
0 0.012344 0.736133 0.024414 0.355547
6 0.104048 0.632266 0.005146 0.182344
7 0.134292 0.678516 0.008486 0.250781
4 0.134180 0.753945 0.012461 0.158359
0 0.135986 0.543633 0.012461 0.068359
0 0.013945 0.512891 0.006875 0.067812
0 0.101694 0.552500 0.012725 0.072344
0 0.037061 0.592539 0.013418 0.112891
2 0.556914 0.642773 0.067227 0.712266
0 0.508203 0.705430 0.016133 0.190547
