6 0.940347 0.555117 0.006338 0.197578
6 0.870635 0.753906 0.010742 0.465313
0 0.019736 0.799180 0.038984 0.401641
6 0.187705 0.728555 0.007109 0.270391
7 0.148901 0.718594 0.006260 0.275938
0 0.187861 0.543477 0.012285 0.069922
4 0.148364 0.799023 0.015518 0.181797
0 0.074746 0.579375 0.012422 0.066094
0 0.090073 0.578008 0.014639 0.072891
0 0.022070 0.589492 0.011758 0.108672
0 0.064048 0.589844 0.010146 0.070625
0 0.392471 0.870352 0.059688 0.257891
2 0.684458 0.490312 0.300029 0.980625
0 0.505571 0.761445 0.024014 0.242891
