6 0.971167 0.547227 0.005518 0.138203
0 0.062603 0.687422 0.017979 0.172969
0 0.043145 0.745195 0.029453 0.309609
0 0.461484 0.733672 0.039766 0.532656
0 0.486489 0.645820 0.011143 0.125547
0 0.008853 0.670820 0.017705 0.264297
6 0.067056 0.585820 0.003799 0.118672
7 0.102007 0.638555 0.008096 0.180703
4 0.102959 0.694141 0.008262 0.119531
0 0.152217 0.522734 0.011211 0.040937
0 0.012124 0.516836 0.004346 0.046953
0 0.021909 0.536641 0.005264 0.053281
2 0.559497 0.628008 0.065771 0.737266
0 0.510654 0.674961 0.013301 0.173203
