6 0.943794 0.545234 0.005889 0.185000
6 0.894526 0.702969 0.009873 0.405781
0 0.478633 0.658711 0.009219 0.106641
0 0.491846 0.642500 0.010020 0.098594
0 0.018784 0.793477 0.036904 0.413047
6 0.171055 0.712656 0.006895 0.255781
7 0.151836 0.704336 0.008555 0.255391
0 0.199668 0.538711 0.011855 0.065703
4 0.151899 0.786250 0.017432 0.180313
0 0.074746 0.579375 0.012422 0.066094
0 0.099834 0.563711 0.013965 0.070391
0 0.018169 0.552695 0.011201 0.101172
0 0.070312 0.576992 0.009004 0.058359
0 0.256802 0.915820 0.086357 0.168359
2 0.609390 0.493359 0.163057 0.986719
0 0.505869 0.740469 0.019082 0.212031
