6 0.947368 0.537813 0.005518 0.174531
6 0.912739 0.660508 0.009150 0.356172
0 0.474756 0.680469 0.009531 0.118594
0 0.489438 0.660273 0.010439 0.118359
0 0.016636 0.790078 0.032705 0.419844
6 0.155928 0.682656 0.006719 0.243594
7 0.150674 0.694922 0.007246 0.247656
0 0.206621 0.532227 0.011484 0.062109
4 0.151880 0.778672 0.014404 0.158906
0 0.072109 0.553438 0.012422 0.066094
0 0.108267 0.561094 0.013408 0.068438
0 0.016582 0.535078 0.010039 0.092344
0 0.075142 0.565508 0.009658 0.060078
0 0.120723 0.841211 0.067227 0.312891
2 0.581318 0.560273 0.110859 0.863203
0 0.506108 0.733203 0.018369 0.206719
