6 0.950137 0.534102 0.005293 0.168359
6 0.922134 0.635000 0.008721 0.326406
0 0.470825 0.702187 0.011787 0.144687
0 0.487710 0.672148 0.011260 0.132578
0 0.015347 0.788008 0.030186 0.423984
6 0.145947 0.669570 0.006602 0.236328
7 0.151021 0.676055 0.008525 0.216641
4 0.151729 0.762695 0.013516 0.183203
0 0.071045 0.546563 0.012422 0.066094
0 0.115220 0.554102 0.013408 0.068359
0 0.015889 0.526602 0.009160 0.085859
0 0.081572 0.559219 0.010625 0.062500
0 0.084067 0.773516 0.044893 0.309531
2 0.570840 0.599102 0.093926 0.791641
0 0.506250 0.728867 0.017949 0.203516
