6 0.948291 0.536563 0.005449 0.172500
6 0.915869 0.652031 0.009004 0.346250
0 0.473442 0.687695 0.010283 0.127266
0 0.488955 0.663828 0.010527 0.122344
0 0.016206 0.789375 0.031865 0.421250
6 0.152886 0.676016 0.006670 0.241250
7 0.150356 0.689258 0.006807 0.238672
4 0.151826 0.776484 0.014102 0.160781
0 0.071582 0.548281 0.012422 0.066094
0 0.110581 0.558750 0.013408 0.068438
0 0.016357 0.532266 0.009746 0.090156
0 0.077285 0.563398 0.009980 0.060859
0 0.106519 0.830898 0.058545 0.338203
2 0.577217 0.573203 0.105215 0.839375
0 0.506157 0.731758 0.018232 0.205547
