6 0.942070 0.550156 0.006113 0.191250
6 0.882583 0.728438 0.010303 0.435469
0 0.480557 0.647891 0.009551 0.104219
0 0.493291 0.631797 0.009766 0.086719
0 0.019424 0.796172 0.038242 0.407656
6 0.179932 0.723047 0.007012 0.263125
7 0.149902 0.720195 0.008340 0.283047
0 0.195000 0.540820 0.012070 0.067734
4 0.150132 0.792617 0.016475 0.181016
0 0.074746 0.579375 0.012422 0.066094
0 0.094956 0.570820 0.014307 0.071641
0 0.020117 0.571836 0.011191 0.101328
0 0.067700 0.583594 0.009463 0.063281
0 0.348950 0.904297 0.071533 0.191406
2 0.635547 0.496172 0.208789 0.992344
0 0.505723 0.749727 0.021133 0.224922
