6 0.966509 0.523008 0.003916 0.099297
6 0.964053 0.565430 0.006445 0.176797
0 0.186797 0.908125 0.075156 0.183750
0 0.364233 0.908242 0.097607 0.183516
0 0.485249 0.646562 0.019326 0.267969
0 0.010635 0.701992 0.021133 0.308984
6 0.083901 0.600898 0.004287 0.148828
7 0.118394 0.660156 0.008174 0.198438
4 0.118491 0.737031 0.010967 0.125625
0 0.145205 0.536523 0.012383 0.055547
0 0.012954 0.510000 0.005654 0.057969
0 0.112402 0.542969 0.010547 0.051562
0 0.028086 0.559414 0.008457 0.073359
2 0.557275 0.637969 0.064824 0.719688
0 0.509766 0.689766 0.015039 0.182969
