6 0.941494 0.551836 0.006191 0.193359
6 0.878599 0.736914 0.010459 0.445391
0 0.019526 0.797148 0.038486 0.405703
6 0.182524 0.724883 0.007041 0.265547
7 0.149565 0.719648 0.007646 0.280703
0 0.192622 0.541719 0.012139 0.068438
4 0.149541 0.794766 0.016152 0.181250
0 0.074746 0.579375 0.012422 0.066094
0 0.093330 0.573242 0.014414 0.072109
0 0.020767 0.578203 0.011201 0.101406
0 0.066484 0.585664 0.009688 0.065703
0 0.364429 0.891445 0.069326 0.215703
2 0.648350 0.500000 0.232207 1.000000
0 0.505669 0.753672 0.022100 0.230938
