6 0.951064 0.532852 0.005215 0.166172
6 0.925264 0.626523 0.008574 0.316484
0 0.469512 0.709453 0.012539 0.153438
0 0.487090 0.676328 0.011641 0.137813
0 0.014917 0.787344 0.029346 0.425312
6 0.142476 0.666367 0.006572 0.233984
7 0.150913 0.679375 0.008525 0.225625
4 0.151680 0.767500 0.013223 0.170938
0 0.070771 0.545703 0.012422 0.066094
0 0.117534 0.551797 0.013408 0.068438
0 0.015659 0.523789 0.008877 0.083672
0 0.083716 0.557148 0.010947 0.063359
0 0.076304 0.747617 0.038213 0.278047
2 0.568560 0.612031 0.088271 0.767813
0 0.506304 0.727383 0.017803 0.202422
