6 0.964497 0.522969 0.004092 0.111875
6 0.959043 0.572266 0.006719 0.193906
0 0.313101 0.928633 0.060381 0.142734
0 0.435396 0.848594 0.057119 0.302813
0 0.488384 0.634219 0.016221 0.225938
0 0.011274 0.714805 0.022373 0.326484
6 0.090337 0.609258 0.004521 0.159922
7 0.123892 0.673164 0.008311 0.231797
4 0.123848 0.749453 0.011523 0.117969
0 0.140713 0.542070 0.012090 0.061172
0 0.013271 0.509219 0.006113 0.061563
0 0.108491 0.545859 0.011572 0.060312
0 0.030620 0.568594 0.010068 0.079375
2 0.556533 0.641328 0.064512 0.713906
0 0.509180 0.695664 0.015449 0.185859
