6 0.949214 0.535352 0.005361 0.170391
6 0.919004 0.643477 0.008867 0.336328
0 0.472134 0.694961 0.011045 0.136016
0 0.488330 0.667969 0.010898 0.127500
0 0.015776 0.788711 0.031025 0.422578
6 0.149414 0.672813 0.006641 0.238750
7 0.150039 0.683633 0.006367 0.229609
4 0.151777 0.774258 0.013809 0.162578
0 0.071313 0.547422 0.012412 0.066094
0 0.112900 0.556445 0.013418 0.068359
0 0.016123 0.529453 0.009453 0.087969
0 0.079429 0.561328 0.010303 0.061719
0 0.095293 0.802188 0.051719 0.323906
2 0.573125 0.586133 0.099570 0.815547
0 0.506206 0.730312 0.018096 0.204531
