6 0.966499 0.558633 0.006162 0.159609
0 0.112021 0.814062 0.044355 0.217187
0 0.158076 0.895820 0.117715 0.208359
0 0.482114 0.658867 0.022432 0.310078
0 0.009990 0.689141 0.019902 0.291563
6 0.078286 0.595859 0.004131 0.138750
7 0.112925 0.655312 0.008135 0.192031
4 0.113145 0.733945 0.010410 0.114453
0 0.147065 0.533555 0.011943 0.050078
0 0.012681 0.512305 0.005225 0.054297
0 0.115283 0.545703 0.010840 0.057031
0 0.025552 0.550234 0.006865 0.067344
2 0.558018 0.634648 0.065137 0.725547
0 0.510063 0.684844 0.014463 0.179688
