6 0.953838 0.529102 0.005000 0.159922
6 0.933311 0.609727 0.008145 0.286797
0 0.463789 0.735859 0.015469 0.182344
0 0.485225 0.688828 0.012734 0.153281
0 0.014272 0.774531 0.028115 0.407812
6 0.132119 0.658242 0.006289 0.222578
7 0.148848 0.696445 0.006836 0.266484
4 0.149272 0.765664 0.013330 0.165703
0 0.069961 0.543125 0.012422 0.066094
0 0.119980 0.546719 0.012187 0.068438
0 0.015156 0.519492 0.008281 0.078984
0 0.090142 0.550859 0.011924 0.065781
0 0.058765 0.672461 0.028525 0.199766
2 0.563198 0.629609 0.081572 0.738750
0 0.506445 0.723047 0.017383 0.199219
