6 0.945518 0.540312 0.005664 0.178750
6 0.906470 0.677461 0.009443 0.376016
0 0.476714 0.669609 0.008896 0.109062
0 0.490400 0.653164 0.010273 0.110391
0 0.017495 0.791445 0.034385 0.417109
6 0.162012 0.695898 0.006777 0.248516
7 0.151313 0.706172 0.008115 0.265781
0 0.202393 0.534102 0.011641 0.063516
4 0.151978 0.783086 0.014990 0.155234
0 0.073164 0.563828 0.012422 0.066094
0 0.104814 0.559648 0.013633 0.069141
0 0.017051 0.540703 0.010625 0.096719
0 0.070859 0.569727 0.009004 0.058359
0 0.161216 0.881250 0.090010 0.237500
2 0.589507 0.534375 0.122158 0.910938
0 0.506016 0.736094 0.018652 0.208750
