6 0.960474 0.522930 0.004443 0.136953
6 0.949019 0.585938 0.007256 0.228281
0 0.425669 0.848594 0.035986 0.259062
0 0.473003 0.779336 0.023447 0.289766
0 0.491782 0.622383 0.012549 0.171016
0 0.012559 0.740391 0.024824 0.361406
6 0.107002 0.635391 0.005273 0.186875
7 0.136230 0.680664 0.008496 0.252734
4 0.136245 0.756836 0.012646 0.162422
0 0.135728 0.541680 0.013408 0.068359
0 0.014077 0.513633 0.007041 0.068984
0 0.100337 0.553828 0.012959 0.074844
0 0.038350 0.597344 0.014082 0.119531
2 0.557476 0.641875 0.068740 0.714375
0 0.508008 0.707422 0.016289 0.191562
