6 0.944365 0.543594 0.005820 0.182969
6 0.898506 0.694453 0.009727 0.395781
0 0.477993 0.662344 0.009111 0.107500
0 0.491362 0.646055 0.010107 0.102578
0 0.018354 0.792773 0.036064 0.414453
6 0.168096 0.709180 0.006855 0.253359
7 0.151733 0.708086 0.008545 0.265078
0 0.201123 0.536602 0.011777 0.064922
4 0.152490 0.787461 0.017734 0.173359
0 0.074219 0.574219 0.012422 0.066094
0 0.101465 0.561328 0.013848 0.070000
0 0.017515 0.546328 0.011201 0.101094
0 0.070493 0.574570 0.009014 0.058359
0 0.217993 0.912109 0.098096 0.175781
2 0.601221 0.493867 0.148926 0.987734
0 0.505913 0.739023 0.018936 0.210859
