6 0.939771 0.556758 0.006416 0.199609
6 0.866650 0.762383 0.010879 0.475234
0 0.019844 0.800195 0.039219 0.399609
6 0.190293 0.730391 0.007148 0.272813
7 0.148569 0.718047 0.005557 0.273594
0 0.185479 0.544375 0.012363 0.070625
4 0.147773 0.801172 0.015195 0.182031
0 0.074746 0.579375 0.012422 0.066094
0 0.088447 0.580391 0.014746 0.073281
0 0.022725 0.595117 0.012051 0.112266
0 0.062832 0.591914 0.010371 0.073047
0 0.405034 0.862109 0.052256 0.275781
2 0.701240 0.491289 0.325840 0.982578
0 0.505522 0.765352 0.024971 0.248828
