6 0.944941 0.541953 0.005742 0.180781
6 0.902490 0.685937 0.009590 0.385937
0 0.477354 0.665977 0.009004 0.108203
0 0.490884 0.649570 0.010186 0.106484
0 0.017925 0.792109 0.035225 0.415781
6 0.165054 0.702578 0.006826 0.250937
7 0.151631 0.711836 0.008555 0.274766
0 0.202583 0.534531 0.011709 0.064219
4 0.153081 0.788672 0.018057 0.166406
0 0.073691 0.568984 0.012422 0.066094
0 0.103091 0.558945 0.013740 0.069609
0 0.017285 0.543516 0.010918 0.098906
0 0.070674 0.572148 0.009004 0.058359
0 0.185312 0.897656 0.097578 0.204688
2 0.595366 0.514141 0.135537 0.949375
0 0.505967 0.737578 0.018789 0.209844
