7 0.341255 0.745195 0.009658 0.322109
4 0.340981 0.822969 0.017373 0.190937
6 0.454878 0.638086 0.004033 0.124922
0 0.990195 0.652070 0.015859 0.184453
4 0.841025 0.677656 0.009336 0.178125
0 0.016533 0.798125 0.033066 0.403750
0 0.022925 0.569648 0.014717 0.087109
6 0.160273 0.749219 0.007598 0.317344
0 0.030928 0.671328 0.021152 0.223906
0 0.508843 0.831211 0.035068 0.337578
0 0.520986 0.615195 0.010117 0.082578
0 0.506880 0.635781 0.014463 0.109531
4 0.906807 0.620313 0.013203 0.146406
4 0.895718 0.634687 0.012842 0.134531
4 0.877432 0.648672 0.015000 0.151563
