7 0.382280 0.699297 0.007080 0.237344
4 0.382964 0.769922 0.011807 0.141406
6 0.459844 0.632344 0.003984 0.119219
0 0.995000 0.642539 0.009219 0.122891
4 0.825435 0.690234 0.009482 0.198281
0 0.015977 0.796055 0.031953 0.407891
0 0.033032 0.568867 0.014678 0.084609
6 0.187349 0.779883 0.008271 0.355234
0 0.033320 0.688867 0.024258 0.252266
0 0.508779 0.828008 0.033340 0.343984
0 0.520986 0.612969 0.010117 0.082656
0 0.507539 0.629570 0.013691 0.103047
4 0.898374 0.628320 0.015830 0.159766
4 0.886274 0.645469 0.014092 0.147344
4 0.866553 0.660664 0.015527 0.155234
