0 0.079395 0.593789 0.012734 0.072891
7 0.187119 0.693164 0.006660 0.195078
4 0.185376 0.834492 0.014873 0.165859
6 0.439561 0.660586 0.004238 0.144297
6 0.472622 0.611602 0.003467 0.093984
6 0.465806 0.625352 0.003662 0.098828
6 0.463350 0.635898 0.003867 0.115078
6 0.543857 0.617539 0.004395 0.144453
6 0.539624 0.620234 0.003740 0.140781
6 0.533779 0.610352 0.003887 0.124141
0 0.960044 0.787734 0.039365 0.382344
4 0.869736 0.648398 0.011426 0.149453
0 0.018467 0.805352 0.036934 0.389297
0 0.004980 0.571641 0.009453 0.100625
6 0.112817 0.692227 0.006025 0.241953
0 0.022432 0.613867 0.017012 0.128828
0 0.509048 0.842422 0.041123 0.315156
0 0.520986 0.623086 0.010117 0.082578
0 0.505239 0.657734 0.016514 0.126719
4 0.918618 0.606602 0.011748 0.122891
4 0.912090 0.608516 0.010547 0.110781
4 0.896553 0.619844 0.013164 0.138594
