0 0.085586 0.601289 0.011367 0.070859
7 0.273643 0.768164 0.010371 0.354297
4 0.273374 0.870898 0.021553 0.193359
6 0.448262 0.645742 0.004121 0.132734
6 0.475054 0.604297 0.003467 0.093906
6 0.470259 0.612070 0.003662 0.098828
6 0.466797 0.618047 0.003867 0.115000
6 0.539390 0.610820 0.004385 0.144453
6 0.536045 0.605352 0.003125 0.129922
6 0.530659 0.602266 0.003877 0.124219
0 0.982207 0.689336 0.021582 0.217578
4 0.860044 0.661953 0.009150 0.151094
0 0.017271 0.800859 0.034541 0.398281
0 0.012139 0.569609 0.014062 0.091250
6 0.136050 0.725156 0.007021 0.289687
0 0.028027 0.647930 0.017598 0.186172
0 0.508921 0.835508 0.037373 0.328984
0 0.520986 0.618242 0.010117 0.082578
0 0.506006 0.643984 0.015488 0.118125
4 0.913091 0.615664 0.012646 0.137422
4 0.905942 0.620313 0.011182 0.117188
4 0.889414 0.634414 0.014297 0.146641
