7 0.471499 0.599219 0.003389 0.082500
4 0.471108 0.627656 0.003408 0.051875
4 0.650449 0.695781 0.015215 0.154844
0 0.030024 0.789727 0.039424 0.420547
0 0.091694 0.683945 0.025010 0.161172
0 0.135503 0.628086 0.021963 0.140391
6 0.398716 0.705586 0.004521 0.240391
0 0.172886 0.895898 0.115400 0.208203
0 0.508452 0.766445 0.023838 0.291328
0 0.523027 0.625273 0.010117 0.082578
0 0.509336 0.601016 0.009453 0.067500
6 0.952690 0.582305 0.004658 0.186016
4 0.761636 0.720469 0.008818 0.221562
4 0.733027 0.736914 0.014043 0.203203
4 0.695718 0.720625 0.016162 0.181094
