7 0.471572 0.596445 0.003301 0.083672
4 0.471064 0.626328 0.003398 0.051719
4 0.655728 0.700234 0.014756 0.159844
0 0.027900 0.789844 0.039023 0.420312
0 0.087778 0.679258 0.024893 0.159766
0 0.131797 0.627734 0.021738 0.140469
6 0.395210 0.708320 0.004814 0.250078
0 0.151733 0.886719 0.116553 0.226562
0 0.508730 0.767656 0.024121 0.291875
0 0.524297 0.628945 0.010117 0.082578
0 0.509360 0.601641 0.009580 0.068594
6 0.953540 0.580977 0.004658 0.183047
4 0.769858 0.723125 0.011201 0.221562
4 0.740850 0.734727 0.013828 0.201641
4 0.703228 0.723867 0.016787 0.180859
