0 0.084111 0.600820 0.011660 0.071172
7 0.256685 0.775508 0.010381 0.366172
4 0.255029 0.867344 0.021797 0.212812
6 0.446606 0.647695 0.004131 0.134609
6 0.474678 0.605430 0.003457 0.093984
6 0.469243 0.612070 0.003662 0.098828
6 0.466270 0.620781 0.003867 0.115000
6 0.540073 0.611836 0.004385 0.144453
6 0.536592 0.607617 0.003223 0.131641
6 0.531138 0.603516 0.003877 0.124219
0 0.980044 0.699375 0.022666 0.224375
4 0.861899 0.659883 0.009502 0.150859
0 0.017456 0.801562 0.034912 0.396875
0 0.010562 0.569102 0.013604 0.092734
6 0.130986 0.720547 0.006895 0.284687
0 0.027300 0.642109 0.016709 0.176719
0 0.508940 0.836562 0.037959 0.326875
0 0.520986 0.618945 0.010117 0.082578
0 0.505791 0.646094 0.015742 0.120313
4 0.914048 0.614492 0.012510 0.135234
4 0.907905 0.616719 0.010752 0.112969
4 0.890513 0.632148 0.014131 0.145391
