7 0.388433 0.701680 0.007139 0.245078
4 0.388267 0.761289 0.011494 0.139766
6 0.460674 0.631367 0.003965 0.118203
0 0.995776 0.642188 0.008057 0.110156
4 0.821729 0.692969 0.009512 0.201719
0 0.015889 0.795703 0.031777 0.408594
0 0.034712 0.568750 0.014678 0.084219
6 0.193066 0.781758 0.008379 0.361641
0 0.033896 0.691758 0.025137 0.256953
0 0.508774 0.827500 0.033057 0.345000
0 0.520986 0.612617 0.010117 0.082578
0 0.507646 0.628555 0.013555 0.101953
4 0.896450 0.630469 0.016631 0.163125
4 0.884697 0.647266 0.014297 0.149531
4 0.864478 0.663516 0.011572 0.156563
