7 0.362798 0.724453 0.007627 0.281563
4 0.363071 0.799219 0.014619 0.170312
6 0.457363 0.635234 0.004004 0.122031
0 0.992676 0.643594 0.012695 0.161094
4 0.833896 0.683555 0.009414 0.188203
0 0.016255 0.797070 0.032510 0.405859
0 0.027974 0.569258 0.014697 0.085859
6 0.173813 0.764570 0.007939 0.336328
0 0.032017 0.680117 0.022490 0.238047
0 0.508813 0.829609 0.034209 0.340781
0 0.520986 0.614102 0.010117 0.082578
0 0.507212 0.632656 0.014072 0.106250
4 0.904150 0.622070 0.013418 0.149766
4 0.891001 0.640078 0.013467 0.140938
4 0.871992 0.654648 0.015254 0.153359
