0 0.087559 0.601406 0.011074 0.070625
7 0.290605 0.763867 0.010371 0.348359
4 0.290879 0.861797 0.021309 0.199375
6 0.449912 0.643828 0.004102 0.130781
6 0.475425 0.603164 0.003467 0.093984
6 0.471675 0.612070 0.003662 0.098828
6 0.467324 0.615313 0.003867 0.115000
6 0.538696 0.609805 0.004385 0.144453
6 0.535493 0.603047 0.003037 0.128281
6 0.530176 0.601016 0.003887 0.124219
0 0.984380 0.679336 0.020498 0.210703
4 0.855288 0.665859 0.009189 0.157813
0 0.017085 0.800156 0.034170 0.399687
0 0.013716 0.570078 0.014521 0.089844
6 0.141118 0.729805 0.007139 0.294766
0 0.028755 0.653789 0.018486 0.195547
0 0.508901 0.834414 0.036807 0.331172
0 0.520986 0.617461 0.010117 0.082578
0 0.506226 0.641953 0.015225 0.115938
4 0.912129 0.616797 0.012793 0.139687
4 0.903979 0.623906 0.011592 0.121563
4 0.888315 0.636680 0.014482 0.147891
