4 0.563682 0.641563 0.012871 0.107187
0 0.046055 0.807070 0.042754 0.385859
0 0.115728 0.723203 0.023994 0.160312
0 0.154453 0.644609 0.020957 0.142031
6 0.396304 0.660742 0.003936 0.155078
0 0.384531 0.863867 0.067656 0.272266
0 0.471108 0.771914 0.023975 0.291328
0 0.481328 0.627461 0.010117 0.082578
0 0.468047 0.597500 0.009453 0.067500
0 0.996016 0.596406 0.007969 0.097812
6 0.896699 0.582422 0.007520 0.136719
6 0.890908 0.595039 0.005801 0.153984
6 0.885029 0.604766 0.006934 0.241719
4 0.627773 0.682734 0.015605 0.199219
4 0.609819 0.689805 0.015693 0.140703
4 0.589238 0.664961 0.016094 0.143047
