7 0.433940 0.643437 0.005381 0.156875
4 0.434316 0.695391 0.005586 0.101719
4 0.769688 0.704102 0.009609 0.215234
0 0.015542 0.792344 0.030928 0.415312
0 0.058140 0.602461 0.019463 0.126797
6 0.271616 0.801250 0.011865 0.388594
0 0.045059 0.756406 0.033359 0.308906
0 0.508662 0.805781 0.029883 0.325156
0 0.522510 0.613164 0.010117 0.082578
0 0.508853 0.617227 0.012139 0.090078
6 0.964414 0.555039 0.004219 0.132891
4 0.872051 0.643633 0.014531 0.171484
4 0.857007 0.669180 0.018408 0.172578
4 0.819707 0.694961 0.011992 0.171641
