7 0.348437 0.738281 0.008984 0.308594
4 0.349131 0.815508 0.016465 0.187266
6 0.455708 0.637148 0.004033 0.123984
0 0.991045 0.648008 0.014863 0.179141
4 0.838647 0.679609 0.009365 0.181406
0 0.016440 0.797773 0.032881 0.404453
0 0.024609 0.569492 0.014707 0.086641
6 0.164785 0.754336 0.007715 0.323672
0 0.031289 0.674258 0.021602 0.228672
0 0.508828 0.830703 0.034785 0.338594
0 0.520986 0.614883 0.010117 0.082578
0 0.506992 0.634766 0.014336 0.108437
4 0.905918 0.620859 0.013281 0.147500
4 0.894146 0.636484 0.013057 0.136562
4 0.875620 0.650664 0.015088 0.152109
