0 0.078237 0.582578 0.011943 0.073906
7 0.160669 0.687891 0.006982 0.218750
4 0.159858 0.747695 0.006064 0.137578
6 0.433154 0.675430 0.004238 0.144297
6 0.470752 0.617188 0.003457 0.093906
6 0.460562 0.638164 0.003662 0.098828
6 0.460703 0.649609 0.003867 0.115000
6 0.547300 0.622773 0.004385 0.144453
6 0.542373 0.631680 0.004199 0.149141
6 0.536182 0.616563 0.003887 0.124219
0 0.908896 0.857148 0.083027 0.285703
4 0.874282 0.637969 0.013174 0.148125
0 0.019390 0.808789 0.038779 0.382422
0 0.004336 0.577852 0.008633 0.107891
6 0.102168 0.670664 0.005176 0.212734
0 0.019619 0.588516 0.012559 0.113906
0 0.509150 0.847773 0.044004 0.304453
0 0.520986 0.626133 0.010117 0.082578
0 0.505444 0.668711 0.016514 0.126797
4 0.921064 0.595781 0.011055 0.111719
4 0.915288 0.602109 0.010557 0.110781
4 0.900400 0.604219 0.012305 0.132500
