0 0.084604 0.601250 0.011514 0.071094
7 0.265166 0.771836 0.010371 0.360234
4 0.264204 0.869141 0.021670 0.203125
6 0.447437 0.646719 0.004131 0.133594
6 0.474863 0.604844 0.003457 0.093906
6 0.469751 0.612070 0.003662 0.098828
6 0.466533 0.619453 0.003867 0.115000
6 0.539731 0.611367 0.004385 0.144453
6 0.536318 0.606484 0.003184 0.130781
6 0.530898 0.602891 0.003887 0.124219
0 0.981123 0.694336 0.022129 0.221016
4 0.860972 0.660937 0.009326 0.150938
0 0.017363 0.801211 0.034727 0.397578
0 0.011353 0.569336 0.013838 0.091953
6 0.133516 0.722852 0.006953 0.287266
0 0.027661 0.645039 0.017158 0.181484
0 0.508931 0.836016 0.037666 0.327969
0 0.520986 0.618633 0.010117 0.082578
0 0.505894 0.645000 0.015615 0.119219
4 0.913569 0.615039 0.012588 0.136328
4 0.906929 0.618555 0.010967 0.115078
4 0.889961 0.633320 0.014219 0.146016
