7 0.355615 0.731367 0.008301 0.295078
4 0.356099 0.807383 0.015537 0.178828
6 0.456533 0.636172 0.004023 0.122969
0 0.991899 0.643945 0.013857 0.173828
4 0.836270 0.681562 0.009395 0.184844
0 0.016348 0.797422 0.032695 0.405156
0 0.026289 0.569375 0.014707 0.086250
6 0.169302 0.759453 0.007822 0.330000
0 0.031655 0.677148 0.022041 0.233359
0 0.508818 0.830156 0.034492 0.339688
0 0.520986 0.614492 0.010117 0.082578
0 0.507100 0.633711 0.014199 0.107422
4 0.905034 0.621445 0.013350 0.148672
4 0.892573 0.638281 0.013252 0.138750
4 0.873809 0.652695 0.015176 0.152734
