0 0.042480 0.790234 0.043750 0.419531
0 0.102988 0.575742 0.021895 0.151172
0 0.137017 0.493164 0.019697 0.140391
6 0.356274 0.590664 0.003643 0.124453
0 0.397568 0.806680 0.027988 0.347109
0 0.440059 0.785078 0.030859 0.285781
0 0.423359 0.646250 0.010293 0.103906
0 0.405723 0.591562 0.009453 0.067500
2 0.933613 0.525312 0.016035 0.179687
0 0.907808 0.624453 0.013994 0.140000
6 0.774395 0.706094 0.007871 0.153906
6 0.763755 0.721289 0.009912 0.184297
6 0.749614 0.736445 0.006709 0.247266
6 0.743779 0.745781 0.007285 0.261250
4 0.521572 0.717422 0.014316 0.120937
4 0.512754 0.710703 0.012559 0.094062
4 0.497007 0.703984 0.007178 0.094062
