0 0.079229 0.592187 0.012617 0.072969
7 0.183057 0.732773 0.006895 0.275078
4 0.180693 0.822773 0.012715 0.163828
6 0.438926 0.662070 0.004238 0.144297
6 0.472437 0.612148 0.003467 0.093984
6 0.465601 0.626680 0.003662 0.098828
6 0.463086 0.637266 0.003867 0.115000
6 0.544204 0.618086 0.004385 0.144453
6 0.539897 0.621367 0.003779 0.141641
6 0.534019 0.610977 0.003877 0.124141
0 0.957524 0.797148 0.041807 0.405703
4 0.870190 0.647383 0.011592 0.149297
0 0.018560 0.805664 0.037119 0.388672
0 0.004702 0.572266 0.008955 0.101406
6 0.111494 0.689570 0.005937 0.237578
0 0.022153 0.611328 0.016572 0.127344
0 0.509058 0.842969 0.041416 0.314063
0 0.520986 0.623477 0.010117 0.082578
0 0.505259 0.658828 0.016514 0.126719
4 0.918862 0.605508 0.011670 0.121797
4 0.912407 0.607891 0.010557 0.110781
4 0.897100 0.618711 0.013086 0.138047
