0 0.044336 0.798867 0.043320 0.402266
0 0.107764 0.629648 0.022793 0.155078
0 0.143833 0.574805 0.020459 0.138203
6 0.372456 0.629453 0.003467 0.135000
0 0.394653 0.832891 0.040518 0.334219
0 0.447910 0.791367 0.027461 0.293672
0 0.444385 0.636875 0.009590 0.075781
0 0.429614 0.606875 0.009443 0.067500
2 0.967729 0.515977 0.016045 0.179609
0 0.946968 0.591289 0.013467 0.134297
6 0.827749 0.628594 0.007139 0.151406
6 0.820625 0.628555 0.007852 0.169141
6 0.807075 0.656680 0.007295 0.287734
4 0.559819 0.717930 0.014873 0.154453
4 0.548862 0.713789 0.015088 0.126016
4 0.533784 0.699609 0.012197 0.112656
