0 0.088545 0.601445 0.010938 0.070391
7 0.299082 0.761719 0.010371 0.345312
4 0.299634 0.857305 0.021182 0.202422
6 0.450742 0.642852 0.004082 0.129766
0 0.985464 0.674297 0.019951 0.207344
4 0.852910 0.667852 0.009219 0.161172
0 0.016992 0.799844 0.033984 0.400312
0 0.014502 0.570312 0.014746 0.089063
6 0.143647 0.732109 0.007197 0.297188
0 0.029116 0.656719 0.018936 0.200313
0 0.508892 0.833906 0.036514 0.332187
0 0.520986 0.617070 0.010117 0.082578
0 0.506338 0.640898 0.015098 0.114922
4 0.911245 0.617383 0.012861 0.140859
4 0.902998 0.625703 0.011797 0.123750
4 0.886504 0.638672 0.014570 0.148438
