7 0.369976 0.717539 0.006943 0.268047
4 0.369951 0.793320 0.014238 0.162422
6 0.458188 0.634258 0.003994 0.121172
0 0.993452 0.643242 0.011533 0.148359
4 0.831519 0.685469 0.009443 0.191562
0 0.016162 0.796719 0.032324 0.406563
0 0.029658 0.569102 0.014687 0.085391
6 0.178320 0.769648 0.008047 0.342578
0 0.032378 0.683008 0.022939 0.242734
0 0.508799 0.829102 0.033926 0.341797
0 0.520986 0.613711 0.010117 0.082578
0 0.507319 0.631641 0.013936 0.105156
4 0.902227 0.624141 0.014219 0.153125
4 0.889424 0.641875 0.013672 0.143125
4 0.870176 0.656680 0.015352 0.153984
