7 0.403960 0.682734 0.006670 0.218906
4 0.403169 0.743320 0.009463 0.123359
6 0.463149 0.628516 0.003936 0.115313
4 0.810610 0.701328 0.009580 0.211875
0 0.015610 0.794648 0.031221 0.410703
0 0.040117 0.571719 0.015352 0.089844
6 0.211572 0.788438 0.009824 0.376250
0 0.035635 0.700547 0.027754 0.271094
0 0.508740 0.825898 0.032187 0.348203
0 0.521396 0.612773 0.010117 0.082578
0 0.507974 0.625469 0.013174 0.098750
6 0.966475 0.545117 0.003652 0.119609
4 0.890679 0.636797 0.019033 0.173125
4 0.879980 0.652656 0.014922 0.155937
4 0.852266 0.672109 0.011680 0.160625
