7 0.457832 0.614531 0.004102 0.124062
4 0.457710 0.648945 0.004834 0.076016
4 0.711064 0.704180 0.010078 0.210234
0 0.017974 0.791094 0.034971 0.417813
0 0.052100 0.647031 0.023164 0.151094
0 0.092402 0.616719 0.019687 0.140469
6 0.346201 0.765586 0.006875 0.315703
0 0.074004 0.829023 0.052246 0.339766
0 0.511460 0.779570 0.027002 0.297578
0 0.523896 0.613633 0.010117 0.082578
0 0.509561 0.608086 0.010859 0.079297
6 0.961548 0.567695 0.004697 0.153359
4 0.833701 0.686758 0.015547 0.207266
4 0.812710 0.701055 0.011533 0.187109
4 0.768247 0.709688 0.012744 0.179219
