7 0.393608 0.695352 0.006982 0.236328
4 0.393574 0.756523 0.011191 0.130234
6 0.461499 0.630430 0.003955 0.117266
0 0.996553 0.641836 0.006895 0.097422
4 0.818022 0.695742 0.009541 0.205078
0 0.015796 0.795352 0.031592 0.409297
0 0.036396 0.568594 0.014668 0.083750
6 0.198779 0.783633 0.008496 0.367891
0 0.034478 0.694727 0.026006 0.261641
0 0.508760 0.826953 0.032773 0.346094
0 0.521123 0.612617 0.010117 0.082578
0 0.507759 0.627539 0.013428 0.100859
6 0.966992 0.542617 0.003516 0.116328
4 0.894526 0.632578 0.017432 0.166406
4 0.883125 0.649063 0.014512 0.151719
4 0.860405 0.666406 0.011611 0.157969
