0 0.043721 0.795977 0.043457 0.408047
0 0.105845 0.598984 0.022490 0.153750
0 0.140957 0.554922 0.020391 0.137031
6 0.366724 0.616367 0.003525 0.131484
0 0.395703 0.827422 0.034766 0.345156
0 0.443960 0.796836 0.028018 0.294297
0 0.436602 0.637500 0.009668 0.080469
0 0.420991 0.603672 0.009443 0.067500
2 0.956357 0.519102 0.016035 0.179609
0 0.934102 0.593008 0.014004 0.139922
6 0.809678 0.640781 0.007871 0.153906
6 0.801670 0.654453 0.008535 0.174219
6 0.786177 0.680508 0.007295 0.287422
4 0.544409 0.704219 0.014678 0.143281
4 0.536055 0.720977 0.013555 0.110859
4 0.521660 0.705977 0.011270 0.104922
