7 0.398784 0.689062 0.006826 0.227656
4 0.398369 0.749961 0.010332 0.126797
6 0.462324 0.629453 0.003945 0.116250
4 0.814312 0.698555 0.009561 0.208516
0 0.015703 0.795000 0.031406 0.410000
0 0.038081 0.568477 0.014658 0.083359
6 0.204497 0.785547 0.008604 0.374219
0 0.035054 0.697617 0.026885 0.266328
0 0.508750 0.826406 0.032480 0.347187
0 0.521260 0.612695 0.010117 0.082578
0 0.507871 0.626484 0.013301 0.099844
6 0.966733 0.543867 0.003584 0.117891
4 0.892603 0.634648 0.018232 0.169766
4 0.881548 0.650859 0.014717 0.153906
4 0.856333 0.669258 0.011650 0.159297
