0 0.044028 0.797422 0.043389 0.405156
0 0.106802 0.614336 0.022646 0.154453
0 0.142397 0.564844 0.020420 0.137656
6 0.369336 0.622773 0.003496 0.133203
0 0.395176 0.830156 0.037637 0.339688
0 0.445571 0.794102 0.027021 0.293984
0 0.439917 0.635352 0.009521 0.074609
0 0.424810 0.606719 0.009443 0.067500
2 0.962041 0.517539 0.016035 0.179609
0 0.940464 0.594141 0.013994 0.140000
6 0.818716 0.634688 0.007510 0.152656
6 0.811147 0.641523 0.008193 0.171641
6 0.796777 0.664180 0.007285 0.293984
4 0.551694 0.708516 0.014775 0.148906
4 0.542461 0.717383 0.014316 0.118359
4 0.527720 0.702813 0.011729 0.108750
