7 0.436650 0.639297 0.005215 0.150313
4 0.437192 0.693086 0.006650 0.095547
4 0.764375 0.704102 0.009609 0.215234
0 0.015786 0.792227 0.031318 0.415547
0 0.061187 0.602734 0.019541 0.131406
6 0.279268 0.798906 0.011250 0.384375
0 0.046597 0.765820 0.033955 0.313516
0 0.508652 0.802656 0.029590 0.320937
0 0.522646 0.613164 0.010117 0.082578
0 0.508960 0.616172 0.012021 0.089062
6 0.964155 0.556250 0.004287 0.134531
4 0.868408 0.647930 0.014629 0.175078
4 0.853188 0.673164 0.017490 0.173984
4 0.815635 0.697812 0.012031 0.172969
