7 0.376133 0.708398 0.007012 0.252734
4 0.376831 0.787461 0.013857 0.154609
6 0.459014 0.633281 0.003984 0.120156
0 0.994229 0.642891 0.010371 0.135625
4 0.829146 0.687461 0.009463 0.194922
0 0.016069 0.796367 0.032139 0.407266
0 0.031343 0.568984 0.014678 0.085000
6 0.182837 0.774766 0.008154 0.348906
0 0.032744 0.685937 0.023379 0.247500
0 0.508789 0.828555 0.033633 0.342891
0 0.520986 0.613320 0.010117 0.082578
0 0.507427 0.630586 0.013818 0.104141
4 0.900298 0.626250 0.015029 0.156406
4 0.887847 0.643672 0.013877 0.145312
4 0.868364 0.658672 0.015439 0.154531
