4 0.584346 0.651797 0.014805 0.113750
0 0.047397 0.799258 0.042549 0.401484
0 0.116475 0.714531 0.024434 0.162344
0 0.156064 0.645078 0.021641 0.141094
6 0.403643 0.672266 0.004551 0.166406
0 0.368818 0.885859 0.082246 0.228281
0 0.482051 0.771211 0.024395 0.291328
0 0.494766 0.622773 0.010117 0.082578
0 0.480864 0.598906 0.009443 0.067500
6 0.916953 0.574336 0.006484 0.121172
6 0.914526 0.589453 0.005791 0.153906
6 0.909263 0.594297 0.006416 0.229531
4 0.656943 0.693008 0.015879 0.216016
4 0.638228 0.699453 0.019072 0.155469
4 0.613594 0.678008 0.018008 0.153516
