4 0.543379 0.664141 0.010234 0.088750
0 0.045884 0.806055 0.042959 0.387891
0 0.112632 0.699102 0.023545 0.158359
0 0.151040 0.624531 0.020654 0.141250
6 0.387598 0.647617 0.003320 0.143828
0 0.392012 0.846484 0.054902 0.307031
0 0.461372 0.787461 0.023975 0.288047
0 0.466899 0.629766 0.009971 0.081719
0 0.454292 0.612734 0.009443 0.067500
2 0.995454 0.556719 0.009092 0.167812
0 0.978579 0.590547 0.010381 0.104844
6 0.872378 0.587852 0.007529 0.144766
6 0.866465 0.595781 0.006133 0.156563
6 0.858574 0.619258 0.007285 0.256172
4 0.600005 0.687109 0.015322 0.182500
4 0.583804 0.682383 0.014756 0.136797
4 0.566548 0.675352 0.014521 0.131797
