7 0.459355 0.610078 0.004102 0.113750
4 0.459697 0.654141 0.004746 0.066719
4 0.705498 0.704219 0.010547 0.205156
0 0.018218 0.790977 0.035381 0.418047
0 0.055146 0.648047 0.023418 0.151094
0 0.096016 0.618203 0.019688 0.140469
6 0.352002 0.758203 0.006797 0.310781
0 0.078232 0.834492 0.055840 0.328203
0 0.511187 0.778359 0.026709 0.297031
0 0.524033 0.613633 0.010117 0.082578
0 0.509536 0.607422 0.010732 0.078281
6 0.961196 0.569023 0.004697 0.156328
4 0.828110 0.691055 0.015654 0.210859
4 0.806479 0.706172 0.011768 0.188594
4 0.762026 0.709766 0.012861 0.179375
