0 0.090513 0.601562 0.010635 0.070156
7 0.316045 0.757383 0.010371 0.339453
4 0.316533 0.845273 0.020137 0.201797
6 0.452397 0.640977 0.004072 0.127891
0 0.987632 0.664297 0.018877 0.200469
4 0.848159 0.671758 0.009268 0.167891
0 0.016807 0.799141 0.033613 0.401719
0 0.017866 0.570039 0.014736 0.088203
6 0.148716 0.736719 0.007314 0.302188
0 0.029844 0.662539 0.019824 0.209766
0 0.508867 0.832812 0.035938 0.334375
0 0.520986 0.616367 0.010117 0.082578
0 0.506553 0.638867 0.014844 0.112734
4 0.909468 0.618555 0.012998 0.143047
4 0.900444 0.629297 0.012217 0.127969
4 0.882876 0.642656 0.014736 0.149687
