4 0.556797 0.638125 0.012227 0.105000
0 0.045601 0.809688 0.042822 0.380625
0 0.114692 0.715156 0.023838 0.159688
0 0.153921 0.644414 0.020732 0.142422
6 0.393398 0.656367 0.003730 0.151328
0 0.388008 0.856523 0.062715 0.286953
0 0.467388 0.772305 0.023838 0.291328
0 0.476006 0.618008 0.010137 0.084141
0 0.463774 0.596953 0.009443 0.067500
0 0.990098 0.598750 0.008672 0.097813
6 0.889307 0.585938 0.007910 0.142187
6 0.883037 0.596914 0.005801 0.153984
6 0.876953 0.608281 0.007109 0.245781
4 0.618052 0.679336 0.015498 0.193672
4 0.600352 0.686602 0.014570 0.135859
4 0.581128 0.660586 0.015459 0.139609
