0 0.089526 0.601484 0.010791 0.070312
7 0.307563 0.759531 0.010381 0.342344
4 0.308379 0.852734 0.021055 0.205469
6 0.451572 0.641914 0.004082 0.128828
0 0.986548 0.669297 0.019424 0.203906
4 0.850532 0.669805 0.009248 0.164609
0 0.016899 0.799492 0.033799 0.401016
0 0.016187 0.570195 0.014736 0.088672
6 0.146182 0.734414 0.007266 0.299766
0 0.029478 0.659648 0.019385 0.205078
0 0.508882 0.833359 0.036221 0.333281
0 0.520986 0.616758 0.010117 0.082578
0 0.506440 0.639883 0.014971 0.113828
4 0.910352 0.617969 0.012930 0.141875
4 0.902017 0.627500 0.012002 0.125781
4 0.884687 0.640703 0.014648 0.149062
