0 0.043408 0.794531 0.043535 0.410937
0 0.104888 0.583672 0.022354 0.153125
0 0.139971 0.539492 0.020215 0.137891
6 0.364111 0.609922 0.003555 0.129688
0 0.396787 0.824727 0.032539 0.350547
0 0.442344 0.799531 0.029023 0.294687
0 0.433291 0.639727 0.009824 0.086328
0 0.417178 0.600625 0.009453 0.067500
2 0.950669 0.520664 0.016045 0.179609
0 0.927739 0.591875 0.013994 0.140000
6 0.801152 0.636133 0.007871 0.153984
6 0.792188 0.667422 0.008887 0.176719
6 0.779351 0.668789 0.006709 0.247266
6 0.775576 0.696797 0.007285 0.280938
4 0.538701 0.707539 0.014590 0.137734
4 0.529648 0.724531 0.012773 0.103281
4 0.515596 0.709141 0.010801 0.101094
