0 0.078237 0.582578 0.011943 0.073906
7 0.159585 0.682617 0.006982 0.216016
4 0.158516 0.739062 0.004258 0.131250
6 0.432510 0.676914 0.004238 0.144297
6 0.470566 0.617773 0.003457 0.093984
6 0.459932 0.639570 0.003672 0.098828
6 0.460439 0.650977 0.003867 0.115078
6 0.547642 0.623281 0.004385 0.144375
6 0.542651 0.632812 0.004248 0.150000
6 0.536421 0.617188 0.003877 0.124219
0 0.900620 0.865625 0.088740 0.268750
4 0.874741 0.636914 0.013350 0.148047
0 0.019482 0.809141 0.038965 0.381719
0 0.004297 0.578516 0.008594 0.108594
6 0.101274 0.668828 0.005088 0.210781
0 0.019336 0.585977 0.012109 0.112422
0 0.509160 0.848320 0.044297 0.303359
0 0.520986 0.626133 0.010117 0.082578
0 0.505469 0.669805 0.016504 0.126797
4 0.921309 0.594727 0.010977 0.110547
4 0.915605 0.601484 0.010547 0.110781
4 0.900542 0.602031 0.012217 0.131875
