4 0.536670 0.677109 0.009238 0.080625
0 0.045571 0.804609 0.043037 0.390781
0 0.111592 0.691055 0.023398 0.157734
0 0.149595 0.614609 0.020615 0.140625
6 0.384946 0.655977 0.003350 0.142109
0 0.392544 0.843750 0.052021 0.312500
0 0.458369 0.795078 0.024043 0.286406
0 0.462344 0.635664 0.009902 0.080547
0 0.449551 0.620625 0.009453 0.067500
2 0.990640 0.545078 0.010479 0.170156
0 0.972974 0.580039 0.011377 0.111797
6 0.863921 0.588789 0.007334 0.146172
6 0.857764 0.592773 0.006484 0.158984
6 0.848276 0.626719 0.007295 0.262500
4 0.590981 0.691016 0.015225 0.176875
4 0.575937 0.692695 0.016074 0.142734
4 0.559258 0.682734 0.014062 0.127969
