0 0.043101 0.793086 0.043604 0.413828
0 0.103931 0.568320 0.022197 0.152422
0 0.138984 0.524062 0.020039 0.138750
6 0.361499 0.603516 0.003584 0.127969
0 0.397876 0.821992 0.030322 0.356016
0 0.442065 0.804453 0.029639 0.291719
0 0.429980 0.641875 0.009980 0.092187
0 0.413359 0.597656 0.009453 0.067500
2 0.944980 0.522227 0.016035 0.179609
0 0.921377 0.590781 0.014004 0.140000
6 0.792236 0.659414 0.007871 0.153984
6 0.782710 0.680391 0.009229 0.179219
6 0.769731 0.689766 0.006709 0.247344
6 0.764976 0.713125 0.007295 0.274375
4 0.532993 0.710820 0.014502 0.132109
4 0.524019 0.719961 0.012705 0.100234
4 0.509399 0.707422 0.009600 0.098750
