7 0.519395 0.618437 0.003086 0.136406
6 0.515557 0.615156 0.003027 0.103906
0 0.460820 0.805508 0.033105 0.358984
0 0.481489 0.705859 0.017490 0.178906
6 0.345234 0.750664 0.010176 0.398203
6 0.359766 0.734531 0.009570 0.318906
0 0.018110 0.584336 0.011299 0.096797
0 0.026313 0.604727 0.014990 0.148047
0 0.041958 0.710859 0.022725 0.206406
0 0.092646 0.752070 0.082090 0.495859
6 0.059150 0.609961 0.005078 0.193828
0 0.358813 0.785352 0.141260 0.429297
6 0.238413 0.792461 0.009521 0.398984
6 0.241270 0.787773 0.012441 0.416953
