7 0.526597 0.632227 0.005303 0.201953
6 0.519189 0.619844 0.004141 0.126250
0 0.389185 0.894180 0.081592 0.211641
0 0.465181 0.804102 0.031943 0.318359
0 0.479717 0.658789 0.017656 0.294141
6 0.222334 0.759023 0.013613 0.473828
6 0.260527 0.774062 0.015137 0.440937
0 0.017959 0.580273 0.010566 0.090859
0 0.022568 0.583711 0.007500 0.106016
0 0.027427 0.631406 0.012295 0.114844
0 0.043252 0.660703 0.034199 0.337969
0 0.103359 0.749297 0.101953 0.501406
6 0.129829 0.706758 0.009834 0.362578
6 0.132407 0.706328 0.009912 0.352031
