7 0.521792 0.622734 0.004229 0.156094
6 0.517114 0.617188 0.003506 0.113438
0 0.445405 0.834219 0.046729 0.331562
0 0.476260 0.729883 0.022246 0.231641
0 0.482554 0.646016 0.015674 0.229062
6 0.299209 0.766172 0.012246 0.449531
6 0.326943 0.763633 0.012129 0.353984
0 0.017021 0.583477 0.010566 0.090859
0 0.024253 0.593477 0.010869 0.125547
0 0.033179 0.674102 0.017783 0.159297
0 0.062979 0.745820 0.050020 0.477109
0 0.236733 0.775039 0.192861 0.449922
6 0.182349 0.748320 0.011709 0.458516
6 0.185166 0.755820 0.013828 0.441328
