7 0.528203 0.635547 0.005469 0.218437
6 0.519717 0.620508 0.004297 0.129453
0 0.359492 0.915664 0.090332 0.168672
0 0.462070 0.826172 0.034648 0.341406
0 0.479009 0.662109 0.018154 0.310156
6 0.203315 0.760273 0.013623 0.467422
6 0.239878 0.779883 0.021807 0.440234
0 0.018193 0.579453 0.010566 0.090781
0 0.022388 0.581953 0.007139 0.102500
0 0.026826 0.626602 0.012305 0.114766
0 0.041084 0.648281 0.029512 0.307656
0 0.089341 0.745430 0.085029 0.509141
6 0.116704 0.696328 0.009365 0.338594
6 0.119219 0.693984 0.008926 0.329688
