7 0.518599 0.617031 0.002705 0.129844
0 0.465078 0.798516 0.030195 0.357969
0 0.482451 0.702500 0.016797 0.170156
6 0.357354 0.745469 0.009492 0.381094
6 0.370708 0.724805 0.008721 0.307266
0 0.018779 0.584375 0.011660 0.099688
0 0.027344 0.607773 0.017051 0.154141
0 0.043765 0.727656 0.026338 0.240000
0 0.110151 0.751406 0.102725 0.497188
6 0.061855 0.617148 0.005078 0.193828
6 0.067446 0.610391 0.008096 0.188594
0 0.385498 0.773438 0.120801 0.453125
6 0.257896 0.793789 0.009521 0.398984
6 0.262725 0.797578 0.011270 0.393594
