7 0.529805 0.638867 0.005625 0.234766
6 0.520234 0.621172 0.004453 0.132656
0 0.315801 0.938516 0.099062 0.122969
0 0.456440 0.836328 0.040693 0.322656
0 0.476602 0.672500 0.021367 0.327813
6 0.184292 0.748594 0.013623 0.486719
6 0.222979 0.779766 0.019824 0.440469
0 0.018423 0.578672 0.010576 0.090781
0 0.022202 0.580195 0.006768 0.098984
0 0.026226 0.621797 0.012295 0.114844
0 0.038906 0.635859 0.024824 0.277187
0 0.075317 0.741563 0.068115 0.516875
6 0.107378 0.667969 0.008896 0.314531
6 0.106025 0.681562 0.007949 0.307344
