7 0.524995 0.628906 0.005146 0.185625
6 0.518672 0.619180 0.003984 0.123047
0 0.409077 0.869922 0.072861 0.260156
0 0.468291 0.782031 0.029238 0.295312
0 0.480425 0.655469 0.017158 0.278125
6 0.241357 0.757852 0.013613 0.480234
6 0.277524 0.773828 0.014326 0.440937
0 0.017725 0.581055 0.010566 0.090859
0 0.022754 0.585469 0.007871 0.109531
0 0.028823 0.642969 0.013682 0.125156
0 0.047148 0.682891 0.037148 0.371250
0 0.117383 0.753164 0.118867 0.493672
6 0.142964 0.717148 0.010303 0.386484
6 0.145596 0.718711 0.010879 0.374297
