7 0.520195 0.619844 0.003457 0.142969
6 0.516074 0.615820 0.003184 0.107109
0 0.456567 0.812539 0.036025 0.359922
0 0.479746 0.713867 0.019082 0.196484
0 0.483975 0.643164 0.014668 0.189453
6 0.333120 0.755859 0.010869 0.415312
6 0.348823 0.744219 0.010420 0.330625
0 0.017451 0.584297 0.010937 0.093750
0 0.025278 0.601680 0.012920 0.141953
0 0.040151 0.694063 0.019111 0.172813
0 0.080952 0.750000 0.067783 0.489531
0 0.332129 0.797266 0.161719 0.405469
6 0.216943 0.775586 0.010840 0.440703
6 0.219814 0.777969 0.013633 0.440312
