7 0.523389 0.625547 0.004980 0.169219
6 0.518154 0.618516 0.003828 0.119844
0 0.423730 0.857305 0.062305 0.285391
0 0.471401 0.759961 0.026533 0.272266
0 0.481133 0.652148 0.016660 0.262109
6 0.260381 0.756641 0.013613 0.486719
6 0.294521 0.773516 0.013516 0.440937
0 0.017490 0.581875 0.010566 0.090781
0 0.022935 0.587227 0.008232 0.113047
0 0.030215 0.654609 0.015078 0.135469
0 0.051045 0.705039 0.040098 0.404453
0 0.151841 0.766289 0.155869 0.467422
6 0.156089 0.727539 0.010771 0.410547
6 0.158784 0.731055 0.011865 0.396641
