7 0.522593 0.624141 0.004600 0.162656
6 0.517632 0.617852 0.003662 0.116641
0 0.438506 0.848945 0.054512 0.302109
0 0.474512 0.737891 0.023828 0.249219
0 0.481846 0.649102 0.016172 0.245547
6 0.280781 0.766680 0.012930 0.466641
6 0.311519 0.773281 0.012705 0.440937
0 0.017256 0.582656 0.010566 0.090781
0 0.023594 0.590352 0.009551 0.119297
0 0.031611 0.666172 0.016465 0.145781
0 0.054946 0.727187 0.043037 0.437812
0 0.186304 0.779414 0.192861 0.441172
6 0.169219 0.737969 0.011230 0.434531
6 0.171978 0.743477 0.012842 0.418984
