7 0.520991 0.621289 0.003838 0.149609
6 0.516597 0.616523 0.003350 0.110234
0 0.452305 0.819531 0.038945 0.360938
0 0.477998 0.721875 0.020664 0.214062
0 0.483262 0.642969 0.015176 0.212500
6 0.315962 0.761016 0.011553 0.432500
6 0.337886 0.753945 0.011279 0.342266
0 0.016787 0.584258 0.010566 0.090859
0 0.024766 0.597578 0.011895 0.133750
0 0.034741 0.682031 0.019111 0.172813
0 0.071968 0.753125 0.058896 0.493750
0 0.287163 0.770703 0.192861 0.458594
6 0.195474 0.758750 0.012178 0.482500
6 0.198359 0.768203 0.014805 0.463594
