7 0.259214 0.661055 0.004326 0.092578
0 0.420811 0.575195 0.017520 0.116172
0 0.424614 0.593008 0.021338 0.131797
0 0.464673 0.553320 0.016611 0.092578
0 0.516040 0.498672 0.014072 0.107187
6 0.283696 0.840117 0.009111 0.294141
0 0.501401 0.863633 0.058857 0.272734
0 0.480674 0.755508 0.025039 0.265234
0 0.330981 0.610469 0.009424 0.049375
0 0.016743 0.800508 0.033486 0.398984
6 0.221509 0.652578 0.002217 0.070156
6 0.229595 0.654766 0.001963 0.069531
0 0.363687 0.604141 0.016084 0.117188
0 0.988726 0.800234 0.022549 0.399531
