7 0.247505 0.656992 0.004111 0.080859
0 0.387739 0.599297 0.018252 0.119844
0 0.489272 0.547695 0.018525 0.113984
0 0.367017 0.596953 0.026084 0.173906
0 0.438774 0.572500 0.017061 0.096250
0 0.491099 0.518281 0.017471 0.124531
0 0.475596 0.535312 0.014043 0.094531
6 0.300098 0.845156 0.004043 0.290313
0 0.501401 0.863633 0.058857 0.272734
0 0.480674 0.755508 0.025039 0.265234
0 0.016724 0.800508 0.033447 0.398984
6 0.219868 0.651719 0.002217 0.066563
6 0.228188 0.652969 0.001963 0.069531
0 0.988726 0.800234 0.022549 0.399531
