0 0.476577 0.535938 0.015830 0.102813
0 0.417651 0.621211 0.023018 0.130547
0 0.521123 0.506875 0.011230 0.070000
6 0.267930 0.821445 0.006895 0.288672
0 0.501401 0.863633 0.058857 0.272734
0 0.480674 0.755508 0.025039 0.265234
0 0.328857 0.615625 0.012793 0.067187
0 0.391812 0.601055 0.014307 0.099297
0 0.016777 0.800508 0.033555 0.398984
6 0.225015 0.654297 0.002217 0.076563
6 0.233550 0.656406 0.001963 0.069531
0 0.435898 0.557734 0.016719 0.118906
6 0.114185 0.553594 0.002354 0.064844
0 0.988726 0.800234 0.022549 0.399531
