7 0.260049 0.661328 0.004336 0.093437
0 0.423262 0.573789 0.017559 0.116016
0 0.419644 0.596445 0.021396 0.132578
0 0.466519 0.551953 0.016572 0.092344
0 0.517822 0.497266 0.013828 0.105938
6 0.283159 0.839492 0.008936 0.294141
0 0.501401 0.863633 0.058857 0.272734
0 0.480674 0.755508 0.025039 0.265234
0 0.332563 0.611641 0.009717 0.053594
0 0.016743 0.800508 0.033486 0.398984
6 0.221626 0.652656 0.002217 0.070469
6 0.229702 0.654922 0.001963 0.069531
0 0.365776 0.603672 0.016221 0.118437
0 0.988726 0.800234 0.022549 0.399531
