7 0.242598 0.654727 0.003770 0.076641
0 0.372993 0.604258 0.018838 0.113984
0 0.514663 0.526563 0.016143 0.105156
0 0.399448 0.577617 0.026494 0.189453
0 0.425835 0.581719 0.017256 0.097812
0 0.478657 0.526797 0.018857 0.131875
0 0.452578 0.552656 0.014043 0.094531
0 0.514097 0.518672 0.013252 0.075000
6 0.310425 0.840586 0.005146 0.279609
0 0.501401 0.863633 0.058857 0.272734
0 0.480674 0.755508 0.025039 0.265234
0 0.016714 0.800508 0.033428 0.398984
6 0.219038 0.651328 0.002217 0.064844
0 0.988726 0.800234 0.022549 0.399531
