7 0.240200 0.652773 0.003467 0.073828
0 0.364565 0.607109 0.019170 0.110625
0 0.525249 0.515156 0.013877 0.106875
0 0.417925 0.565000 0.026592 0.189219
0 0.418501 0.585547 0.017256 0.097812
0 0.471582 0.529766 0.019199 0.134219
0 0.439434 0.562500 0.014043 0.094531
0 0.502339 0.526016 0.013799 0.077969
6 0.315830 0.839336 0.006035 0.278828
0 0.501401 0.863633 0.058857 0.272734
0 0.480674 0.755508 0.025039 0.265234
0 0.016709 0.800508 0.033418 0.398984
6 0.218569 0.651055 0.002217 0.063828
0 0.988726 0.800234 0.022549 0.399531
