0 0.474644 0.537344 0.015908 0.103281
0 0.423145 0.618633 0.023027 0.133203
0 0.519048 0.508594 0.011475 0.070937
6 0.268242 0.822500 0.006895 0.287500
0 0.501401 0.863633 0.058857 0.272734
0 0.480674 0.755508 0.025039 0.265234
0 0.328857 0.615625 0.012793 0.067187
0 0.389263 0.602383 0.014209 0.098984
0 0.016777 0.800508 0.033555 0.398984
6 0.224829 0.654219 0.002217 0.076562
6 0.233374 0.656406 0.001963 0.069531
0 0.433389 0.559180 0.016680 0.118672
6 0.114048 0.553594 0.002354 0.064844
0 0.988726 0.800234 0.022549 0.399531
