0 0.472705 0.538750 0.015977 0.103906
0 0.428647 0.616055 0.023037 0.135703
0 0.516978 0.510352 0.011729 0.071953
6 0.268560 0.823555 0.006885 0.286328
0 0.501401 0.863633 0.058857 0.272734
0 0.480674 0.755508 0.025039 0.265234
0 0.328857 0.615625 0.012793 0.067187
0 0.386704 0.603711 0.014111 0.098828
0 0.016777 0.800508 0.033555 0.398984
6 0.224634 0.654219 0.002217 0.076562
6 0.233208 0.656406 0.001963 0.069531
0 0.430889 0.560703 0.016641 0.118437
6 0.113911 0.553594 0.002354 0.064844
0 0.988726 0.800234 0.022549 0.399531
