0 0.433970 0.566797 0.017432 0.114219
0 0.518115 0.540664 0.014746 0.106172
0 0.394951 0.610156 0.021426 0.129062
0 0.368916 0.605039 0.014043 0.087734
0 0.475771 0.545039 0.016406 0.091016
6 0.280493 0.836289 0.008076 0.293828
0 0.501401 0.863633 0.058857 0.272734
0 0.480674 0.755508 0.025039 0.265234
0 0.340493 0.617500 0.011182 0.074531
0 0.016753 0.800508 0.033506 0.398984
6 0.222212 0.652969 0.002217 0.071719
6 0.230249 0.655547 0.001963 0.069531
0 0.377446 0.600313 0.016494 0.120469
6 0.110933 0.554141 0.002354 0.064844
0 0.988726 0.800234 0.022549 0.399531
