0 0.451401 0.554180 0.016768 0.109609
0 0.483296 0.576250 0.024443 0.141562
0 0.352607 0.622930 0.017246 0.099141
0 0.389170 0.602773 0.014043 0.087734
0 0.494194 0.529648 0.014424 0.082891
6 0.275684 0.830625 0.006523 0.293281
0 0.501401 0.863633 0.058857 0.272734
0 0.480674 0.755508 0.025039 0.265234
0 0.358628 0.618125 0.013037 0.096406
0 0.016763 0.800508 0.033525 0.398984
6 0.223276 0.653516 0.002217 0.074063
6 0.231343 0.656484 0.001963 0.069531
0 0.400269 0.590547 0.016533 0.119219
6 0.112368 0.553594 0.002354 0.064844
0 0.988726 0.800234 0.022549 0.399531
