0 0.443652 0.559805 0.017070 0.111641
0 0.500913 0.562500 0.021514 0.138594
0 0.370566 0.619961 0.020820 0.117891
0 0.380459 0.600078 0.014629 0.095156
0 0.485908 0.536680 0.015391 0.086797
6 0.277817 0.833164 0.007217 0.293516
0 0.501401 0.863633 0.058857 0.272734
0 0.480674 0.755508 0.025039 0.265234
0 0.348413 0.623359 0.012646 0.095469
0 0.016758 0.800508 0.033516 0.398984
6 0.222808 0.653281 0.002217 0.072969
6 0.230786 0.656250 0.001963 0.069531
0 0.389932 0.596094 0.016504 0.119687
6 0.111812 0.553594 0.002354 0.064844
0 0.988726 0.800234 0.022549 0.399531
