0 0.449468 0.555586 0.016846 0.110078
0 0.488140 0.572383 0.024600 0.141641
0 0.356426 0.622227 0.019492 0.103828
0 0.387036 0.601523 0.014268 0.090703
0 0.492124 0.531406 0.014658 0.083906
6 0.276221 0.831211 0.006699 0.293359
0 0.501401 0.863633 0.058857 0.272734
0 0.480674 0.755508 0.025039 0.265234
0 0.356069 0.619453 0.012939 0.096094
0 0.016763 0.800508 0.033525 0.398984
6 0.223159 0.653438 0.002217 0.073750
6 0.231167 0.656484 0.001963 0.069531
0 0.397422 0.593555 0.016523 0.119297
6 0.112231 0.553594 0.002354 0.064844
0 0.988726 0.800234 0.022549 0.399531
