7 0.239600 0.651797 0.003398 0.072187
0 0.362461 0.607812 0.019258 0.109844
0 0.526748 0.509688 0.011152 0.104063
0 0.422539 0.561836 0.026621 0.189141
0 0.416665 0.586484 0.017256 0.097812
0 0.469810 0.530508 0.019287 0.134766
0 0.436143 0.565000 0.014043 0.094531
0 0.499814 0.528086 0.014062 0.079453
6 0.317056 0.839375 0.006318 0.280000
0 0.501401 0.863633 0.058857 0.272734
0 0.480674 0.755508 0.025039 0.265234
0 0.016709 0.800508 0.033418 0.398984
6 0.218452 0.650977 0.002217 0.063516
0 0.988726 0.800234 0.022549 0.399531
