7 0.240796 0.653711 0.003545 0.075391
0 0.366675 0.606367 0.019092 0.111484
0 0.523052 0.519219 0.013877 0.106875
0 0.413306 0.568164 0.026572 0.189297
0 0.420337 0.584609 0.017256 0.097813
0 0.473350 0.529023 0.019121 0.133672
0 0.442715 0.560078 0.014043 0.094531
0 0.504858 0.523945 0.013525 0.076484
6 0.314600 0.839297 0.005742 0.277656
0 0.501401 0.863633 0.058857 0.272734
0 0.480674 0.755508 0.025039 0.265234
0 0.016714 0.800508 0.033428 0.398984
6 0.218687 0.651133 0.002217 0.063984
0 0.988726 0.800234 0.022549 0.399531
