0 0.447529 0.556992 0.016914 0.110547
0 0.492993 0.568555 0.024756 0.141797
0 0.361138 0.621445 0.019932 0.108516
0 0.384902 0.600352 0.014512 0.093672
0 0.490049 0.533164 0.014902 0.084766
6 0.276753 0.831875 0.006865 0.293438
0 0.501401 0.863633 0.058857 0.272734
0 0.480674 0.755508 0.025039 0.265234
0 0.353521 0.620742 0.012842 0.095859
0 0.016758 0.800508 0.033516 0.398984
6 0.223042 0.653398 0.002217 0.073516
6 0.231001 0.656562 0.001963 0.069531
0 0.394922 0.594414 0.016523 0.119453
6 0.112095 0.553594 0.002354 0.064844
0 0.988726 0.800234 0.022549 0.399531
