7 0.245000 0.656133 0.004062 0.078359
0 0.381421 0.601406 0.018506 0.117344
0 0.500566 0.538359 0.017715 0.109219
0 0.380967 0.590234 0.026387 0.189844
0 0.433218 0.576641 0.017158 0.097031
0 0.485757 0.522461 0.018193 0.128203
0 0.465732 0.542734 0.014043 0.094531
0 0.521792 0.510547 0.013252 0.075000
6 0.304526 0.843164 0.004521 0.285703
0 0.501401 0.863633 0.058857 0.272734
0 0.480674 0.755508 0.025039 0.265234
0 0.016719 0.800508 0.033438 0.398984
6 0.219517 0.651563 0.002217 0.065781
0 0.988726 0.800234 0.022549 0.399531
