7 0.243198 0.655117 0.003838 0.077109
0 0.375098 0.603555 0.018750 0.114766
0 0.511865 0.529023 0.016895 0.104453
0 0.394824 0.580781 0.026465 0.189531
0 0.427671 0.580781 0.017256 0.097812
0 0.480420 0.526016 0.018770 0.131250
0 0.455869 0.550156 0.014043 0.094531
0 0.517456 0.517109 0.013252 0.075000
6 0.308950 0.841250 0.004990 0.281094
0 0.501401 0.863633 0.058857 0.272734
0 0.480674 0.755508 0.025039 0.265234
0 0.016719 0.800508 0.033438 0.398984
6 0.219155 0.651367 0.002217 0.065078
0 0.988726 0.800234 0.022549 0.399531
