7 0.242002 0.654375 0.003691 0.076250
0 0.370889 0.604961 0.018926 0.113203
0 0.517461 0.524102 0.015391 0.105703
0 0.404067 0.574453 0.026514 0.189375
0 0.423999 0.582656 0.017256 0.097813
0 0.476885 0.527539 0.018945 0.132422
0 0.449297 0.555078 0.014043 0.094531
0 0.510737 0.520234 0.013252 0.075000
6 0.311899 0.839922 0.005303 0.277969
0 0.501401 0.863633 0.058857 0.272734
0 0.480674 0.755508 0.025039 0.265234
0 0.016714 0.800508 0.033428 0.398984
6 0.218921 0.651250 0.002217 0.064531
0 0.988726 0.800234 0.022549 0.399531
