0 0.478516 0.534531 0.015762 0.102344
0 0.412153 0.623789 0.023018 0.128047
0 0.523188 0.505117 0.010986 0.068984
6 0.267612 0.820312 0.006904 0.289844
0 0.501401 0.863633 0.058857 0.272734
0 0.480674 0.755508 0.025039 0.265234
0 0.331030 0.615352 0.013193 0.068984
0 0.394370 0.599766 0.014404 0.099531
0 0.016782 0.800508 0.033564 0.398984
6 0.225210 0.654297 0.002217 0.076563
6 0.233716 0.656328 0.001963 0.069531
0 0.438423 0.555977 0.016650 0.118203
6 0.114331 0.553594 0.002354 0.064844
0 0.988726 0.800234 0.022549 0.399531
