7 0.243804 0.655430 0.003916 0.077578
0 0.377207 0.602812 0.018672 0.115625
0 0.508101 0.532109 0.017158 0.106094
0 0.390205 0.583906 0.026445 0.189687
0 0.429521 0.579414 0.017227 0.097578
0 0.482192 0.525273 0.018682 0.130703
0 0.459160 0.547656 0.014043 0.094531
0 0.517456 0.517109 0.013252 0.075000
6 0.307476 0.841875 0.004834 0.282656
0 0.501401 0.863633 0.058857 0.272734
0 0.480674 0.755508 0.025039 0.265234
0 0.016719 0.800508 0.033438 0.398984
6 0.219272 0.651406 0.002217 0.065312
0 0.988726 0.800234 0.022549 0.399531
