0 0.445586 0.558359 0.016992 0.111094
0 0.496958 0.565508 0.023135 0.140234
0 0.365854 0.620703 0.020381 0.113125
0 0.382769 0.599102 0.014736 0.096641
0 0.487979 0.534922 0.015156 0.085781
6 0.277290 0.832500 0.007041 0.293438
0 0.501401 0.863633 0.058857 0.272734
0 0.480674 0.755508 0.025039 0.265234
0 0.350962 0.622070 0.012744 0.095703
0 0.016758 0.800508 0.033516 0.398984
6 0.222925 0.653320 0.002217 0.073203
6 0.230894 0.656406 0.001963 0.069531
0 0.392427 0.595273 0.016514 0.119609
6 0.111948 0.553594 0.002354 0.064844
0 0.988726 0.800234 0.022549 0.399531
