0 0.463022 0.545781 0.016338 0.106406
0 0.454194 0.599297 0.023506 0.141094
0 0.404214 0.590977 0.011006 0.087734
0 0.506621 0.519141 0.012949 0.076875
6 0.271665 0.826992 0.006650 0.288672
0 0.501401 0.863633 0.058857 0.272734
0 0.480674 0.755508 0.025039 0.265234
0 0.373940 0.610234 0.013623 0.097656
0 0.016768 0.800508 0.033535 0.398984
6 0.223979 0.653867 0.002217 0.075547
6 0.232358 0.656484 0.001963 0.069531
0 0.417339 0.572617 0.016553 0.118359
6 0.113208 0.553594 0.002354 0.064844
0 0.988726 0.800234 0.022549 0.399531
