0 0.470767 0.540156 0.016045 0.104375
0 0.434146 0.613438 0.023037 0.138281
0 0.514907 0.512109 0.011963 0.072969
6 0.268872 0.824648 0.006885 0.285078
0 0.501401 0.863633 0.058857 0.272734
0 0.480674 0.755508 0.025039 0.265234
0 0.328857 0.615625 0.012793 0.067187
0 0.384155 0.605000 0.014014 0.098594
0 0.016777 0.800508 0.033555 0.398984
6 0.224448 0.654141 0.002217 0.076562
6 0.233032 0.656406 0.001963 0.069531
0 0.428384 0.562148 0.016611 0.118203
6 0.113765 0.553594 0.002354 0.064844
0 0.988726 0.800234 0.022549 0.399531
