0 0.457212 0.549961 0.016553 0.108047
0 0.468745 0.587773 0.023975 0.141328
0 0.396689 0.596875 0.012520 0.087812
0 0.500405 0.524375 0.013682 0.079844
6 0.273755 0.828750 0.006475 0.291406
0 0.501401 0.863633 0.058857 0.272734
0 0.480674 0.755508 0.025039 0.265234
0 0.366284 0.614219 0.013330 0.097031
0 0.016768 0.800508 0.033535 0.398984
6 0.223628 0.653711 0.002217 0.074766
6 0.231851 0.656484 0.001963 0.069531
0 0.408804 0.581562 0.016533 0.118750
6 0.112788 0.553594 0.002354 0.064844
0 0.988726 0.800234 0.022549 0.399531
