0 0.441714 0.561211 0.017139 0.112109
0 0.504878 0.559492 0.019893 0.137109
0 0.375283 0.619219 0.021270 0.122500
0 0.378149 0.601055 0.014502 0.093672
0 0.483838 0.538438 0.015645 0.087813
6 0.278354 0.833750 0.007393 0.293594
0 0.501401 0.863633 0.058857 0.272734
0 0.480674 0.755508 0.025039 0.265234
0 0.346831 0.622188 0.012354 0.091250
0 0.016758 0.800508 0.033516 0.398984
6 0.222686 0.653242 0.002227 0.072734
6 0.230679 0.656094 0.001963 0.069531
0 0.387432 0.596953 0.016504 0.119844
6 0.111812 0.553594 0.002354 0.064844
0 0.988726 0.800234 0.022549 0.399531
