7 0.246675 0.656719 0.004092 0.080000
0 0.385630 0.600000 0.018330 0.118906
0 0.493037 0.544570 0.018262 0.112422
0 0.371138 0.594727 0.027236 0.179297
0 0.436924 0.573906 0.017090 0.096562
0 0.489316 0.519687 0.017715 0.125781
0 0.472305 0.537813 0.014043 0.094531
0 0.526128 0.503984 0.013252 0.075000
6 0.301572 0.844453 0.004199 0.288750
0 0.501401 0.863633 0.058857 0.272734
0 0.480674 0.755508 0.025039 0.265234
0 0.016724 0.800508 0.033447 0.398984
6 0.219751 0.651680 0.002217 0.066328
0 0.988726 0.800234 0.022549 0.399531
