7 0.262559 0.662188 0.004395 0.095938
0 0.430093 0.569648 0.017568 0.115234
0 0.524302 0.530117 0.012412 0.086641
0 0.404785 0.605625 0.021504 0.132344
0 0.362046 0.604961 0.009482 0.083047
0 0.472075 0.547813 0.016475 0.091562
6 0.281562 0.837578 0.008418 0.293906
0 0.501401 0.863633 0.058857 0.272734
0 0.480674 0.755508 0.025039 0.265234
0 0.337319 0.615156 0.010596 0.066094
0 0.016748 0.800508 0.033496 0.398984
6 0.221978 0.652852 0.002217 0.071172
6 0.230024 0.655312 0.001963 0.069531
0 0.372451 0.601992 0.016484 0.120703
0 0.988726 0.800234 0.022549 0.399531
