7 0.241396 0.654023 0.003613 0.075859
0 0.368779 0.605664 0.019004 0.112266
0 0.520254 0.521680 0.014629 0.106328
0 0.408682 0.571328 0.026543 0.189375
0 0.422163 0.583594 0.017256 0.097812
0 0.475117 0.528242 0.019023 0.133047
0 0.446006 0.557578 0.014043 0.094531
0 0.507378 0.521797 0.013252 0.075000
6 0.313374 0.839258 0.005459 0.276484
0 0.501401 0.863633 0.058857 0.272734
0 0.480674 0.755508 0.025039 0.265234
0 0.016714 0.800508 0.033428 0.398984
6 0.218804 0.651211 0.002217 0.064297
0 0.988726 0.800234 0.022549 0.399531
