7 0.261724 0.661914 0.004365 0.095078
0 0.428159 0.571016 0.017646 0.115781
0 0.527397 0.524883 0.011240 0.076797
0 0.409697 0.603320 0.021543 0.133984
0 0.358608 0.604922 0.007197 0.080781
0 0.470225 0.549180 0.016504 0.091797
6 0.282090 0.838203 0.008594 0.294063
0 0.501401 0.863633 0.058857 0.272734
0 0.480674 0.755508 0.025039 0.265234
0 0.335737 0.613984 0.010303 0.061875
0 0.016748 0.800508 0.033496 0.398984
6 0.221860 0.652813 0.002217 0.070937
6 0.229917 0.655156 0.001963 0.069531
0 0.369956 0.602852 0.016475 0.120859
0 0.988726 0.800234 0.022549 0.399531
