7 0.245840 0.656406 0.004082 0.079219
0 0.383525 0.600703 0.018418 0.118125
0 0.496802 0.541484 0.017979 0.110781
0 0.376055 0.592500 0.026816 0.184531
0 0.435068 0.575273 0.017129 0.096797
0 0.487539 0.521055 0.017949 0.126953
0 0.469023 0.540234 0.014043 0.094531
0 0.523960 0.507266 0.013252 0.075000
6 0.303052 0.843828 0.004365 0.287188
0 0.501401 0.863633 0.058857 0.272734
0 0.480674 0.755508 0.025039 0.265234
0 0.016724 0.800508 0.033447 0.398984
6 0.219634 0.651641 0.002217 0.066094
0 0.988726 0.800234 0.022549 0.399531
