0 0.437842 0.564023 0.017285 0.113203
0 0.511929 0.551211 0.017100 0.125703
0 0.385117 0.614688 0.021348 0.125781
0 0.373535 0.603086 0.014277 0.090703
0 0.479697 0.541914 0.016133 0.089766
6 0.279424 0.835039 0.007734 0.293672
0 0.501401 0.863633 0.058857 0.272734
0 0.480674 0.755508 0.025039 0.265234
0 0.343657 0.619883 0.011768 0.082891
0 0.016753 0.800508 0.033506 0.398984
6 0.222446 0.653086 0.002217 0.072266
6 0.230464 0.655859 0.001963 0.069531
0 0.382441 0.598633 0.016504 0.120078
6 0.111519 0.553750 0.002354 0.064844
0 0.988726 0.800234 0.022549 0.399531
