0 0.480449 0.533125 0.015684 0.101719
0 0.406650 0.626406 0.023008 0.125469
0 0.525264 0.503359 0.010742 0.067969
6 0.267305 0.819258 0.006914 0.291016
0 0.501401 0.863633 0.058857 0.272734
0 0.480674 0.755508 0.025039 0.265234
0 0.333198 0.615117 0.013584 0.070703
0 0.396919 0.598437 0.014502 0.099688
0 0.016782 0.800508 0.033564 0.398984
6 0.225396 0.654375 0.002217 0.076562
6 0.233882 0.656328 0.001963 0.069531
0 0.440942 0.554258 0.016592 0.117578
6 0.114468 0.553594 0.002354 0.064844
0 0.988726 0.800234 0.022549 0.399531
