0 0.459150 0.548555 0.016484 0.107422
0 0.463896 0.591641 0.023828 0.141250
0 0.399194 0.594883 0.012021 0.087734
0 0.502480 0.522656 0.013437 0.078906
6 0.273057 0.828203 0.006523 0.290469
0 0.501401 0.863633 0.058857 0.272734
0 0.480674 0.755508 0.025039 0.265234
0 0.368833 0.612852 0.013428 0.097266
0 0.016768 0.800508 0.033535 0.398984
6 0.223745 0.653750 0.002217 0.075000
6 0.232017 0.656484 0.001963 0.069531
0 0.411650 0.578594 0.016543 0.118594
6 0.112925 0.553594 0.002354 0.064844
0 0.988726 0.800234 0.022549 0.399531
