0 0.455273 0.551367 0.016621 0.108516
0 0.473599 0.583906 0.024131 0.141406
0 0.394185 0.598867 0.013037 0.087734
0 0.498340 0.526133 0.013926 0.080859
6 0.274453 0.829375 0.006406 0.292344
0 0.501401 0.863633 0.058857 0.272734
0 0.480674 0.755508 0.025039 0.265234
0 0.363735 0.615508 0.013232 0.096797
0 0.016763 0.800508 0.033525 0.398984
6 0.223511 0.653672 0.002217 0.074531
6 0.231685 0.656484 0.001963 0.069531
0 0.405957 0.584570 0.016543 0.118984
6 0.112651 0.553594 0.002354 0.064844
0 0.988726 0.800234 0.022549 0.399531
