0 0.461084 0.547148 0.016406 0.106953
0 0.459048 0.595469 0.023662 0.141094
0 0.401704 0.592930 0.011514 0.087734
0 0.504546 0.520898 0.013193 0.077891
6 0.272358 0.827617 0.006592 0.289609
0 0.501401 0.863633 0.058857 0.272734
0 0.480674 0.755508 0.025039 0.265234
0 0.371392 0.611563 0.013525 0.097500
0 0.016768 0.800508 0.033535 0.398984
6 0.223862 0.653828 0.002217 0.075313
6 0.232192 0.656484 0.001963 0.069531
0 0.414497 0.575586 0.016553 0.118516
6 0.113071 0.553594 0.002354 0.064844
0 0.988726 0.800234 0.022549 0.399531
