7 0.260889 0.661641 0.004355 0.094219
0 0.425708 0.572422 0.017607 0.115938
0 0.530771 0.521484 0.011230 0.076875
0 0.414673 0.599883 0.021475 0.133203
0 0.357339 0.604922 0.007197 0.080781
0 0.468369 0.550547 0.016543 0.092031
0 0.519604 0.495859 0.013584 0.104687
6 0.282627 0.838828 0.008770 0.294063
0 0.501401 0.863633 0.058857 0.272734
0 0.480674 0.755508 0.025039 0.265234
0 0.334155 0.612852 0.010010 0.057734
0 0.016743 0.800508 0.033486 0.398984
6 0.221743 0.652695 0.002217 0.070703
6 0.229810 0.655000 0.001963 0.069531
0 0.367871 0.603281 0.016348 0.119687
0 0.988726 0.800234 0.022549 0.399531
