7 0.238999 0.650859 0.003311 0.070625
0 0.360352 0.608477 0.019336 0.108984
0 0.527930 0.506172 0.008789 0.097031
0 0.427163 0.558672 0.026650 0.189063
0 0.414829 0.587422 0.017256 0.097812
0 0.468047 0.531289 0.019375 0.135391
0 0.436143 0.565000 0.014043 0.094531
0 0.497295 0.530234 0.014336 0.080937
6 0.318281 0.839414 0.006602 0.281172
0 0.501401 0.863633 0.058857 0.272734
0 0.480674 0.755508 0.025039 0.265234
0 0.016709 0.800508 0.033418 0.398984
6 0.218335 0.650937 0.002217 0.063281
0 0.988726 0.800234 0.022549 0.399531
