0 0.435903 0.565430 0.017354 0.113672
0 0.515024 0.545937 0.015928 0.115937
0 0.390029 0.612383 0.021387 0.127422
0 0.371230 0.604062 0.014160 0.089219
0 0.477622 0.543672 0.016377 0.090781
6 0.279956 0.835703 0.007900 0.293750
0 0.501401 0.863633 0.058857 0.272734
0 0.480674 0.755508 0.025039 0.265234
0 0.342075 0.618672 0.011475 0.078750
0 0.016753 0.800508 0.033506 0.398984
6 0.222329 0.653008 0.002217 0.071953
6 0.230356 0.655703 0.001963 0.069531
0 0.379946 0.599453 0.016494 0.120313
6 0.111226 0.553984 0.002354 0.064844
0 0.988726 0.800234 0.022549 0.399531
