0 0.439775 0.562578 0.017207 0.112656
0 0.508838 0.556445 0.018262 0.135547
0 0.380195 0.616914 0.021309 0.124141
0 0.375845 0.602031 0.014385 0.092187
0 0.481763 0.540156 0.015889 0.088750
6 0.278887 0.834414 0.007559 0.293672
0 0.501401 0.863633 0.058857 0.272734
0 0.480674 0.755508 0.025039 0.265234
0 0.345239 0.621016 0.012061 0.087031
0 0.016753 0.800508 0.033506 0.398984
6 0.222563 0.653164 0.002217 0.072422
6 0.230571 0.656016 0.001963 0.069531
0 0.384941 0.597813 0.016504 0.120000
6 0.111812 0.553594 0.002354 0.064844
0 0.988726 0.800234 0.022549 0.399531
