0 0.432031 0.568203 0.017500 0.114687
0 0.521211 0.535391 0.013574 0.096406
0 0.399863 0.607852 0.021465 0.130703
0 0.365483 0.605000 0.011768 0.085469
0 0.473921 0.546445 0.016436 0.091328
6 0.281025 0.836953 0.008242 0.293906
0 0.501401 0.863633 0.058857 0.272734
0 0.480674 0.755508 0.025039 0.265234
0 0.338901 0.616328 0.010889 0.070312
0 0.016748 0.800508 0.033496 0.398984
6 0.222095 0.652930 0.002217 0.071484
6 0.230132 0.655469 0.001963 0.069531
0 0.374951 0.601172 0.016484 0.120625
0 0.988726 0.800234 0.022549 0.399531
