0 0.957256 0.587148 0.015820 0.157578
0 0.707524 0.858906 0.092588 0.282188
0 0.587881 0.763711 0.071309 0.472578
0 0.522549 0.616250 0.012988 0.132969
0 0.534292 0.583203 0.009717 0.102344
0 0.020137 0.558594 0.010117 0.098437
0 0.041743 0.683984 0.023975 0.212031
0 0.290195 0.954023 0.070000 0.091953
0 0.012695 0.813594 0.025391 0.372812
0 0.991602 0.799219 0.016797 0.401563
0 0.004976 0.480859 0.003135 0.027344
0 0.504810 0.833867 0.039795 0.332266
0 0.505825 0.631445 0.018643 0.104766
0 0.008853 0.495234 0.003252 0.034531
0 0.514927 0.545234 0.005947 0.079688
0 0.012588 0.518164 0.006133 0.058516
