0 0.485752 0.600391 0.008438 0.067812
2 0.020581 0.473359 0.008330 0.121719
2 0.037163 0.506445 0.022861 0.208984
0 0.025444 0.596641 0.014248 0.111250
0 0.015557 0.548398 0.008613 0.063047
0 0.006431 0.671602 0.012861 0.181797
0 0.996382 0.651328 0.007236 0.222656
0 0.114058 0.888633 0.077783 0.221797
0 0.947568 0.772813 0.047090 0.449688
0 0.504810 0.833867 0.039795 0.332266
0 0.505825 0.631445 0.018643 0.104766
0 0.442827 0.833125 0.037803 0.322812
7 0.590713 0.486406 0.003301 0.088438
7 0.583247 0.583555 0.005967 0.140078
0 0.983125 0.562383 0.013711 0.150234
0 0.518765 0.584727 0.008057 0.102891
0 0.542930 0.694102 0.028906 0.367578
0 0.473770 0.675898 0.018887 0.177422
