0 0.980986 0.565039 0.014863 0.160547
0 0.971685 0.533477 0.010557 0.089453
0 0.441631 0.823750 0.038535 0.304531
0 0.482905 0.633945 0.010342 0.094922
2 0.011777 0.455078 0.006289 0.081562
2 0.017339 0.463516 0.007549 0.107187
0 0.010962 0.504141 0.004971 0.050938
0 0.006558 0.489297 0.004932 0.031250
0 0.010430 0.805195 0.020859 0.389609
0 0.992969 0.756953 0.014062 0.350469
0 0.021284 0.576953 0.012510 0.090000
0 0.532354 0.684336 0.021289 0.245859
0 0.504810 0.833867 0.039795 0.332266
0 0.505825 0.631445 0.018643 0.104766
0 0.035762 0.654805 0.024766 0.207578
0 0.903926 0.744102 0.085449 0.503203
0 0.516841 0.561445 0.007842 0.095859
0 0.100483 0.858984 0.070322 0.282031
