0 0.984487 0.544492 0.012139 0.125703
0 0.465190 0.711328 0.021572 0.191250
0 0.486460 0.607148 0.007705 0.070234
2 0.013677 0.456211 0.006572 0.090703
2 0.021851 0.475391 0.010498 0.132656
0 0.013701 0.523320 0.006406 0.064453
0 0.007939 0.497891 0.005527 0.034531
0 0.009365 0.766836 0.018730 0.328828
0 0.993877 0.728789 0.012246 0.316328
0 0.026045 0.609609 0.015488 0.119063
0 0.556284 0.780977 0.041006 0.380234
0 0.504810 0.833867 0.039795 0.332266
0 0.505825 0.631445 0.018643 0.104766
0 0.061909 0.782031 0.042334 0.317188
7 0.586733 0.502344 0.003447 0.085938
0 0.957681 0.703086 0.039541 0.420703
0 0.514727 0.538164 0.004785 0.052266
0 0.519976 0.579570 0.009229 0.131016
0 0.322192 0.942422 0.067373 0.115156
