0 0.978550 0.584922 0.016807 0.184688
0 0.968643 0.545352 0.011309 0.096016
0 0.423687 0.859766 0.054346 0.280469
0 0.480239 0.648242 0.011924 0.109766
0 0.490024 0.571484 0.005127 0.058750
2 0.011064 0.454688 0.006191 0.078125
2 0.016309 0.461445 0.007012 0.101953
0 0.010415 0.501641 0.004795 0.048906
0 0.006045 0.486133 0.004707 0.030078
0 0.010830 0.806680 0.021660 0.386641
0 0.992627 0.767539 0.014746 0.363203
0 0.019497 0.564727 0.011396 0.078984
0 0.528027 0.651992 0.017188 0.199141
0 0.504810 0.833867 0.039795 0.332266
0 0.505825 0.631445 0.018643 0.104766
0 0.031860 0.632305 0.021260 0.180234
0 0.843213 0.753398 0.118457 0.492109
0 0.516050 0.552461 0.007002 0.082891
0 0.075308 0.817383 0.048604 0.321797
