0 0.980552 0.562383 0.013135 0.169453
0 0.946558 0.777695 0.052002 0.432109
0 0.922280 0.699727 0.033369 0.309453
0 0.122329 0.888672 0.072412 0.222656
0 0.457144 0.763906 0.029307 0.258594
0 0.482637 0.613086 0.009414 0.100703
2 0.007754 0.452266 0.005430 0.061406
2 0.012798 0.457148 0.005752 0.086484
0 0.007666 0.488906 0.003945 0.038438
0 0.003398 0.475469 0.003672 0.025938
0 0.012695 0.813594 0.025391 0.372812
0 0.991602 0.799219 0.016797 0.401563
0 0.013232 0.522813 0.007148 0.049687
0 0.519121 0.587617 0.009219 0.101328
0 0.504810 0.833867 0.039795 0.332266
0 0.505825 0.631445 0.018643 0.104766
0 0.020269 0.561836 0.010068 0.093359
0 0.540513 0.707070 0.027568 0.376172
0 0.031011 0.620859 0.014951 0.160156
