0 0.971738 0.611680 0.018789 0.233047
0 0.842812 0.841758 0.114375 0.316484
0 0.774893 0.809570 0.087324 0.380859
0 0.059624 0.765313 0.032705 0.281875
0 0.414136 0.870742 0.057510 0.255234
0 0.476724 0.650977 0.015166 0.127734
2 0.006270 0.450586 0.004766 0.052891
2 0.010928 0.454844 0.005078 0.078125
0 0.006201 0.482148 0.003477 0.032891
0 0.001934 0.475469 0.003242 0.025938
0 0.012695 0.813594 0.025391 0.372812
0 0.991602 0.799219 0.016797 0.401563
0 0.011133 0.509492 0.005508 0.045703
0 0.516636 0.559688 0.006768 0.075937
0 0.504810 0.833867 0.039795 0.332266
0 0.505825 0.631445 0.018643 0.104766
0 0.016509 0.543320 0.008408 0.079453
0 0.525483 0.616523 0.016396 0.198672
0 0.024766 0.588750 0.011914 0.127031
