0 0.981855 0.503516 0.006055 0.047656
0 0.967964 0.630156 0.021865 0.256875
0 0.703486 0.851250 0.124512 0.297500
0 0.676753 0.822188 0.078604 0.355625
0 0.047495 0.704844 0.026045 0.230156
0 0.386084 0.900156 0.067871 0.194531
0 0.473140 0.672227 0.017002 0.155703
2 0.005708 0.449961 0.004521 0.049609
2 0.010229 0.453984 0.004834 0.075000
0 0.005649 0.479609 0.003311 0.030781
0 0.001563 0.475469 0.003125 0.025938
0 0.012695 0.813594 0.025391 0.372812
0 0.991602 0.799219 0.016797 0.401563
0 0.010347 0.504453 0.004893 0.044219
0 0.515859 0.552969 0.005742 0.067813
0 0.504810 0.833867 0.039795 0.332266
0 0.505825 0.631445 0.018643 0.104766
0 0.015103 0.536328 0.007783 0.074219
0 0.523237 0.602617 0.013779 0.180078
0 0.022432 0.576719 0.010781 0.114687
