0 0.483403 0.614062 0.010264 0.087344
2 0.018696 0.466797 0.007744 0.113438
2 0.031440 0.500547 0.016748 0.186563
0 0.020410 0.572773 0.010156 0.098672
0 0.012783 0.530703 0.007734 0.054063
0 0.007095 0.687070 0.014189 0.202891
0 0.995815 0.668906 0.008369 0.243906
0 0.067622 0.815898 0.045518 0.318984
0 0.907769 0.790117 0.087178 0.415703
0 0.504810 0.833867 0.039795 0.332266
0 0.505825 0.631445 0.018643 0.104766
0 0.398657 0.872930 0.068213 0.254141
7 0.596602 0.469258 0.002305 0.083359
7 0.576636 0.576680 0.004873 0.127578
0 0.980127 0.581406 0.016055 0.181875
0 0.517236 0.574023 0.007773 0.091016
0 0.533042 0.645742 0.018564 0.273203
0 0.466841 0.711562 0.023330 0.221250
