0 0.978892 0.515156 0.006650 0.060000
0 0.953086 0.707930 0.037617 0.416953
0 0.571377 0.807656 0.061543 0.363750
0 0.598716 0.763359 0.028936 0.348281
0 0.037773 0.649609 0.020957 0.173906
0 0.258838 0.957578 0.069355 0.084844
0 0.466138 0.722734 0.020166 0.195156
2 0.004785 0.448906 0.004102 0.044219
2 0.009204 0.452461 0.004600 0.070078
0 0.004736 0.475391 0.003027 0.027344
0 0.001563 0.475469 0.003125 0.025938
0 0.012695 0.813594 0.025391 0.372812
0 0.991602 0.799219 0.016797 0.401563
0 0.009126 0.499102 0.004502 0.040391
0 0.514565 0.541758 0.004033 0.054297
0 0.504810 0.833867 0.039795 0.332266
0 0.505825 0.631445 0.018643 0.104766
0 0.013613 0.525391 0.006738 0.065469
0 0.520171 0.585273 0.011826 0.146797
0 0.019561 0.559570 0.009297 0.095078
