0 0.985244 0.539961 0.010215 0.118672
0 0.972539 0.636875 0.021621 0.244375
0 0.958911 0.579570 0.014834 0.141016
0 0.354600 0.924766 0.072070 0.150469
0 0.473594 0.681211 0.015703 0.145078
0 0.488159 0.587305 0.006748 0.075234
2 0.009634 0.453867 0.005986 0.071328
2 0.014902 0.459727 0.006504 0.095703
0 0.009316 0.496563 0.004453 0.044687
0 0.005010 0.479727 0.004258 0.027578
0 0.011631 0.809648 0.023262 0.380703
0 0.991943 0.788672 0.016113 0.388750
0 0.015923 0.540234 0.009150 0.057188
0 0.522466 0.615156 0.013076 0.171250
0 0.504810 0.833867 0.039795 0.332266
0 0.505825 0.631445 0.018643 0.104766
0 0.025474 0.594727 0.015342 0.133984
0 0.610190 0.761641 0.100361 0.476719
0 0.515527 0.542383 0.006445 0.066016
0 0.047178 0.710742 0.031348 0.252266
