0 0.482466 0.619531 0.011006 0.095313
2 0.017944 0.464180 0.007510 0.110234
2 0.030312 0.497578 0.016016 0.180313
0 0.019624 0.566953 0.009717 0.094687
0 0.011670 0.523594 0.007383 0.050469
0 0.007363 0.694961 0.014727 0.214766
0 0.995586 0.675938 0.008828 0.252500
0 0.058511 0.780312 0.036943 0.287813
0 0.886543 0.801133 0.102969 0.397734
0 0.504810 0.833867 0.039795 0.332266
0 0.505825 0.631445 0.018643 0.104766
0 0.369497 0.900625 0.075127 0.198750
7 0.575322 0.573906 0.004434 0.122500
0 0.978926 0.589023 0.016992 0.194609
0 0.516714 0.570469 0.007783 0.087187
0 0.530688 0.633594 0.016533 0.249844
0 0.462290 0.735703 0.027900 0.258437
