0 0.986235 0.534219 0.010771 0.108281
0 0.470479 0.683477 0.018418 0.163203
0 0.488242 0.593789 0.006387 0.057891
2 0.014634 0.456758 0.006709 0.095234
2 0.024106 0.481289 0.011963 0.145391
0 0.015273 0.534961 0.007285 0.072422
0 0.008633 0.502148 0.005840 0.036172
0 0.008828 0.747695 0.017656 0.298359
0 0.994336 0.714727 0.011328 0.299297
0 0.030679 0.638281 0.018760 0.140313
0 0.583530 0.806445 0.072725 0.377422
0 0.504810 0.833867 0.039795 0.332266
0 0.505825 0.631445 0.018643 0.104766
0 0.089717 0.845313 0.061562 0.309375
7 0.581680 0.521094 0.004102 0.092031
0 0.967705 0.644062 0.026660 0.323437
0 0.515249 0.543906 0.005830 0.063750
0 0.522373 0.590078 0.010391 0.157188
0 0.400254 0.883047 0.065898 0.233281
