0 0.974077 0.535469 0.008799 0.085313
0 0.939692 0.658164 0.012783 0.178984
0 0.876016 0.759414 0.113223 0.481172
0 0.540488 0.737500 0.030293 0.308906
0 0.555854 0.659687 0.017080 0.215313
0 0.028369 0.599219 0.013770 0.123281
0 0.092598 0.853281 0.062656 0.293438
0 0.440420 0.840000 0.040547 0.311719
0 0.003545 0.474062 0.003027 0.027344
0 0.012695 0.813594 0.025391 0.372812
0 0.991602 0.799219 0.016797 0.401563
0 0.007417 0.491563 0.003936 0.035000
0 0.504810 0.833867 0.039795 0.332266
0 0.505825 0.631445 0.018643 0.104766
0 0.011528 0.510000 0.005283 0.053281
0 0.515879 0.561016 0.009102 0.100156
0 0.016504 0.538281 0.007617 0.068750
