0 0.967783 0.558125 0.011504 0.117031
0 0.869414 0.825937 0.063145 0.348125
0 0.711523 0.768203 0.159766 0.463594
0 0.529858 0.667148 0.019717 0.200859
0 0.542871 0.617500 0.010859 0.155000
0 0.023965 0.577148 0.011582 0.108203
0 0.058916 0.767422 0.036328 0.290156
0 0.399404 0.887891 0.063574 0.224219
0 0.012695 0.813594 0.025391 0.372812
0 0.991602 0.799219 0.016797 0.401563
0 0.006196 0.486211 0.003525 0.031172
0 0.504810 0.833867 0.039795 0.332266
0 0.505825 0.631445 0.018643 0.104766
0 0.010171 0.502227 0.004268 0.043984
0 0.515317 0.553125 0.006846 0.085625
0 0.014546 0.528203 0.006885 0.063594
