0 0.980669 0.508164 0.006299 0.052578
0 0.962012 0.661289 0.028164 0.320859
0 0.621558 0.844102 0.115771 0.311797
0 0.641362 0.780664 0.054248 0.310547
0 0.041802 0.671250 0.024033 0.195625
0 0.348032 0.929609 0.076885 0.140781
0 0.470752 0.686445 0.018223 0.174297
2 0.005342 0.449570 0.004355 0.047422
2 0.009761 0.453398 0.004658 0.072891
0 0.005283 0.477930 0.003203 0.029453
0 0.001563 0.475469 0.003125 0.025938
0 0.012695 0.813594 0.025391 0.372812
0 0.991602 0.799219 0.016797 0.401563
0 0.009858 0.502344 0.004736 0.042656
0 0.515342 0.548477 0.005059 0.062422
0 0.504810 0.833867 0.039795 0.332266
0 0.505825 0.631445 0.018643 0.104766
0 0.014507 0.531992 0.007373 0.070703
0 0.522012 0.595664 0.012988 0.166797
0 0.020869 0.568711 0.010020 0.106328
