0 0.970479 0.617812 0.019824 0.240938
0 0.803564 0.848437 0.124512 0.303125
0 0.739409 0.813789 0.089951 0.372422
0 0.054985 0.743437 0.029873 0.264687
0 0.406802 0.878711 0.061807 0.237734
0 0.475527 0.658047 0.015781 0.137031
2 0.006084 0.450391 0.004688 0.051719
2 0.010693 0.454570 0.005000 0.077109
0 0.006021 0.481328 0.003428 0.032188
0 0.001748 0.475469 0.003184 0.025938
0 0.012695 0.813594 0.025391 0.372812
0 0.991602 0.799219 0.016797 0.401563
0 0.010874 0.507812 0.005303 0.045156
0 0.516377 0.557461 0.006426 0.073203
0 0.504810 0.833867 0.039795 0.332266
0 0.505825 0.631445 0.018643 0.104766
0 0.016040 0.541016 0.008193 0.077656
0 0.524463 0.609531 0.014551 0.193438
0 0.023989 0.584727 0.011533 0.122891
