2 0.022095 0.478633 0.008799 0.128359
2 0.043511 0.510312 0.029580 0.230313
0 0.031216 0.624844 0.017783 0.132500
0 0.017778 0.562539 0.009326 0.070391
0 0.005898 0.659180 0.011797 0.164922
0 0.996841 0.637188 0.006318 0.205625
0 0.217153 0.958594 0.057686 0.082812
0 0.959282 0.717734 0.033662 0.364063
0 0.504810 0.833867 0.039795 0.332266
0 0.505825 0.631445 0.018643 0.104766
0 0.459829 0.750391 0.026299 0.253906
7 0.586436 0.499453 0.004102 0.092500
7 0.593315 0.585703 0.005967 0.164531
0 0.984282 0.559219 0.012334 0.135625
0 0.520718 0.599219 0.009150 0.119531
0 0.552964 0.742305 0.039971 0.462266
0 0.477251 0.644102 0.013838 0.131484
