0 0.486689 0.594883 0.007695 0.059922
2 0.021343 0.476016 0.008564 0.125000
2 0.040225 0.508398 0.026445 0.219609
0 0.027461 0.606172 0.015879 0.116250
0 0.016665 0.555469 0.008975 0.066719
0 0.006162 0.665391 0.012324 0.173438
0 0.996611 0.644258 0.006777 0.214141
0 0.155249 0.921094 0.075635 0.157813
0 0.953423 0.745234 0.040381 0.406875
0 0.504810 0.833867 0.039795 0.332266
0 0.505825 0.631445 0.018643 0.104766
0 0.451328 0.791758 0.032051 0.288359
7 0.588364 0.493281 0.003701 0.090469
7 0.587598 0.585195 0.006113 0.149922
0 0.983706 0.560781 0.013018 0.142969
0 0.519741 0.591953 0.008604 0.111250
0 0.547944 0.718203 0.034443 0.415000
0 0.475601 0.657422 0.015869 0.151094
