0 0.983179 0.552188 0.013154 0.138750
0 0.976743 0.513594 0.009287 0.078594
0 0.459497 0.741133 0.025303 0.223672
0 0.485127 0.617227 0.008691 0.079453
2 0.012964 0.455820 0.006475 0.087266
2 0.020161 0.470938 0.009385 0.123125
0 0.012510 0.514570 0.005742 0.058359
0 0.007422 0.494688 0.005313 0.033281
0 0.009761 0.781211 0.019521 0.351641
0 0.993535 0.739336 0.012930 0.329141
0 0.024258 0.597344 0.014375 0.108125
0 0.544106 0.736133 0.030303 0.319297
0 0.504810 0.833867 0.039795 0.332266
0 0.505825 0.631445 0.018643 0.104766
0 0.050039 0.730703 0.031758 0.273750
7 0.590864 0.490000 0.002822 0.082500
0 0.946226 0.736758 0.049189 0.493672
0 0.518149 0.576406 0.009229 0.117500
0 0.214033 0.943398 0.064902 0.113203
