0 0.977109 0.522109 0.007012 0.067344
0 0.932622 0.756836 0.060361 0.485234
0 0.548984 0.793750 0.038750 0.395313
0 0.572637 0.705742 0.022891 0.261953
0 0.033745 0.628047 0.017881 0.152187
0 0.162036 0.913867 0.080615 0.164766
0 0.457344 0.775703 0.026016 0.259531
0 0.004229 0.474844 0.003027 0.027344
0 0.012695 0.813594 0.025391 0.372812
0 0.991602 0.799219 0.016797 0.401563
0 0.008394 0.495898 0.004248 0.038047
0 0.504810 0.833867 0.039795 0.332266
0 0.505825 0.631445 0.018643 0.104766
0 0.012720 0.518789 0.006123 0.060234
0 0.518330 0.574883 0.010664 0.126797
0 0.018247 0.550469 0.008584 0.083750
