0 0.978872 0.574688 0.013506 0.185312
0 0.933374 0.785742 0.059814 0.421172
0 0.903237 0.754961 0.044170 0.384609
0 0.097070 0.861680 0.066211 0.275391
0 0.450171 0.796836 0.033740 0.294453
0 0.481377 0.622578 0.010410 0.107500
2 0.007388 0.451836 0.005264 0.059297
2 0.012334 0.456562 0.005586 0.084375
0 0.007300 0.487266 0.003818 0.037031
0 0.003032 0.475469 0.003564 0.025938
0 0.012695 0.813594 0.025391 0.372812
0 0.991602 0.799219 0.016797 0.401563
0 0.012705 0.519492 0.006738 0.048672
0 0.518501 0.580625 0.008604 0.095000
0 0.504810 0.833867 0.039795 0.332266
0 0.505825 0.631445 0.018643 0.104766
0 0.019331 0.557227 0.009658 0.089922
0 0.536064 0.678711 0.024121 0.321172
0 0.029448 0.612812 0.014189 0.151875
