0 0.977544 0.593594 0.017607 0.194687
0 0.967627 0.549336 0.011563 0.098203
0 0.416895 0.868984 0.060547 0.262031
0 0.479131 0.653750 0.012559 0.115625
0 0.489771 0.574102 0.005400 0.061484
2 0.010820 0.454531 0.006152 0.077031
2 0.016069 0.461172 0.006924 0.100937
0 0.010229 0.500781 0.004736 0.048125
0 0.005869 0.485039 0.004629 0.029609
0 0.010962 0.807148 0.021924 0.385703
0 0.992515 0.771055 0.014971 0.367422
0 0.018901 0.560664 0.011025 0.075391
0 0.526221 0.641289 0.018262 0.185703
0 0.504810 0.833867 0.039795 0.332266
0 0.505825 0.631445 0.018643 0.104766
0 0.030562 0.624844 0.020107 0.171094
0 0.800854 0.755508 0.122607 0.488359
0 0.515791 0.549492 0.006719 0.078516
0 0.066914 0.803555 0.041367 0.335078
