0 0.976514 0.524453 0.007129 0.069844
0 0.922886 0.756211 0.067939 0.487109
0 0.546860 0.779687 0.036631 0.373750
0 0.568442 0.694219 0.021436 0.250312
0 0.032397 0.620820 0.016846 0.144922
0 0.141611 0.897656 0.083086 0.198125
0 0.453662 0.793906 0.029453 0.282031
0 0.004053 0.474609 0.003027 0.027344
0 0.012695 0.813594 0.025391 0.372812
0 0.991602 0.799219 0.016797 0.401563
0 0.008149 0.494805 0.004170 0.037266
0 0.504810 0.833867 0.039795 0.332266
0 0.505825 0.631445 0.018643 0.104766
0 0.012422 0.516602 0.005918 0.058516
0 0.517720 0.571406 0.010264 0.120156
0 0.017813 0.547422 0.008340 0.080000
