0 0.975518 0.593164 0.015723 0.209141
0 0.903965 0.811172 0.083984 0.375312
0 0.857217 0.796914 0.069434 0.406172
0 0.073550 0.830820 0.041182 0.333672
0 0.434375 0.845938 0.044570 0.308125
0 0.479487 0.636758 0.011904 0.117578
2 0.006826 0.451211 0.005020 0.056016
2 0.011631 0.455703 0.005332 0.081250
0 0.006748 0.484687 0.003652 0.035000
0 0.002480 0.475469 0.003398 0.025938
0 0.012695 0.813594 0.025391 0.372812
0 0.991602 0.799219 0.016797 0.401563
0 0.011919 0.514492 0.006123 0.047109
0 0.517573 0.570156 0.007686 0.085469
0 0.504810 0.833867 0.039795 0.332266
0 0.505825 0.631445 0.018643 0.104766
0 0.017920 0.550273 0.009023 0.084609
0 0.529390 0.636133 0.018955 0.238672
0 0.027109 0.600820 0.013047 0.139453
