0 0.984194 0.477891 0.005615 0.050312
0 0.990522 0.500000 0.006943 0.069375
6 0.958408 0.509062 0.002598 0.114062
6 0.961270 0.510234 0.002578 0.113437
0 0.506665 0.581797 0.005830 0.067969
7 0.398257 0.550664 0.004346 0.058828
7 0.309966 0.532227 0.007490 0.112734
6 0.529468 0.588555 0.003525 0.081641
6 0.303867 0.777187 0.010937 0.398281
6 0.786235 0.830781 0.012979 0.324219
6 0.682646 0.775820 0.011426 0.435547
6 0.742349 0.808477 0.012334 0.383047
6 0.792217 0.778672 0.009902 0.437188
0 0.380903 0.570625 0.014814 0.077188
6 0.383652 0.646719 0.005371 0.191719
7 0.446211 0.614570 0.008848 0.110078
6 0.316089 0.532266 0.004131 0.097969
0 0.545317 0.756055 0.027295 0.245234
0 0.513486 0.815625 0.043145 0.368750
6 0.536743 0.585586 0.002939 0.103828
