0 0.996309 0.537695 0.005820 0.100391
6 0.961060 0.506797 0.002588 0.102813
0 0.525000 0.595195 0.016855 0.110703
7 0.454512 0.570117 0.004551 0.058828
7 0.443838 0.593672 0.006035 0.100000
6 0.537031 0.590508 0.003535 0.081641
6 0.213965 0.760586 0.012520 0.407891
6 0.659673 0.830234 0.011006 0.332031
6 0.615713 0.762617 0.009824 0.380391
6 0.647485 0.784180 0.011123 0.372734
6 0.674785 0.784687 0.009902 0.430625
0 0.383301 0.569688 0.014805 0.077187
0 0.001450 0.541328 0.002900 0.075625
6 0.344912 0.619570 0.005371 0.191641
7 0.442524 0.620195 0.008857 0.110078
6 0.335054 0.546484 0.004131 0.097969
0 0.039346 0.703164 0.036797 0.307734
0 0.844824 0.932070 0.096484 0.135859
0 0.513486 0.815625 0.043145 0.368750
6 0.534893 0.588164 0.002949 0.103828
