7 0.512285 0.580430 0.004551 0.058828
7 0.542300 0.594531 0.004561 0.062344
6 0.146807 0.694102 0.008184 0.328203
6 0.594009 0.809961 0.010088 0.354453
6 0.577246 0.721758 0.007852 0.304453
6 0.598481 0.736719 0.007803 0.328906
6 0.604580 0.763203 0.007734 0.388125
0 0.405029 0.598984 0.015918 0.101094
0 0.125327 0.855664 0.097021 0.283047
6 0.310322 0.586836 0.005371 0.185234
7 0.388882 0.594531 0.008857 0.110156
0 0.459717 0.607617 0.017754 0.137109
6 0.370884 0.558164 0.004131 0.120234
0 0.463940 0.773906 0.028662 0.302969
0 0.979575 0.572500 0.014307 0.165625
0 0.513486 0.815625 0.043145 0.368750
6 0.531299 0.593086 0.002949 0.103828
