7 0.514072 0.580586 0.004551 0.058828
7 0.544634 0.595039 0.004482 0.060859
6 0.145420 0.691953 0.008242 0.325469
6 0.592515 0.808867 0.010088 0.355391
6 0.576079 0.720547 0.007803 0.302187
6 0.597148 0.735195 0.007695 0.327578
6 0.603086 0.761602 0.007637 0.385859
0 0.406177 0.600078 0.016006 0.102969
0 0.141504 0.871094 0.105957 0.257812
6 0.309287 0.585742 0.005371 0.184922
7 0.385537 0.592734 0.008848 0.110156
0 0.456162 0.606406 0.017910 0.138437
6 0.372524 0.559023 0.004131 0.120547
0 0.466040 0.757930 0.026611 0.277891
0 0.979482 0.568008 0.013613 0.159766
0 0.513486 0.815625 0.043145 0.368750
6 0.531187 0.593242 0.002939 0.103828
