0 0.986416 0.487773 0.006016 0.057891
0 0.995869 0.527656 0.004648 0.080625
6 0.959219 0.508359 0.002598 0.110625
6 0.962178 0.508437 0.002578 0.109219
0 0.510361 0.585313 0.007012 0.082031
7 0.413979 0.555898 0.003623 0.058828
7 0.348057 0.548438 0.005605 0.107969
6 0.530908 0.587930 0.003535 0.081641
6 0.276958 0.782891 0.010928 0.409688
6 0.743735 0.836641 0.012764 0.325000
6 0.656025 0.761055 0.011309 0.438047
6 0.708110 0.807187 0.012334 0.385625
6 0.753589 0.786523 0.009893 0.424141
0 0.381157 0.568984 0.014814 0.077187
6 0.371816 0.638398 0.005371 0.191641
7 0.446211 0.614570 0.008848 0.110078
6 0.320312 0.535703 0.004141 0.097969
0 0.555952 0.807383 0.036904 0.282578
0 0.513486 0.815625 0.043145 0.368750
6 0.536743 0.585586 0.002939 0.103828
