0 0.985815 0.485078 0.005908 0.055781
0 0.994346 0.518398 0.005547 0.078359
6 0.958999 0.508555 0.002588 0.111641
6 0.961934 0.508945 0.002578 0.110391
0 0.509351 0.584336 0.006689 0.078203
7 0.409692 0.554453 0.003818 0.058750
7 0.336943 0.541758 0.006035 0.110391
6 0.530479 0.588086 0.003535 0.081641
6 0.284297 0.781328 0.010938 0.406563
6 0.754531 0.837891 0.012969 0.324219
6 0.661919 0.762383 0.011436 0.441797
6 0.717451 0.807539 0.012324 0.384922
6 0.764121 0.784414 0.009902 0.427734
0 0.381089 0.569453 0.014814 0.077187
6 0.375039 0.640664 0.005371 0.191641
7 0.446211 0.614570 0.008848 0.110078
6 0.319165 0.534766 0.004131 0.097969
0 0.553052 0.793398 0.034287 0.272422
0 0.513486 0.815625 0.043145 0.368750
6 0.536743 0.585586 0.002939 0.103828
