0 0.986016 0.485977 0.005938 0.056484
0 0.994854 0.521523 0.005254 0.079141
6 0.959072 0.508477 0.002598 0.111328
6 0.962012 0.508750 0.002578 0.110000
0 0.509688 0.584648 0.006797 0.079453
7 0.411123 0.554922 0.003750 0.058750
7 0.340483 0.543984 0.005557 0.109531
6 0.530620 0.588086 0.003525 0.081641
6 0.281851 0.781875 0.010928 0.407656
6 0.750933 0.837461 0.012900 0.324453
6 0.659326 0.760703 0.011426 0.442656
6 0.714341 0.807422 0.012334 0.385156
6 0.760610 0.785117 0.009893 0.426484
0 0.381108 0.569297 0.014814 0.077187
6 0.373965 0.639922 0.005371 0.191719
7 0.446211 0.614570 0.008848 0.110078
6 0.319546 0.535078 0.004131 0.097969
0 0.554023 0.798047 0.035156 0.275781
0 0.513486 0.815625 0.043145 0.368750
6 0.536743 0.585586 0.002939 0.103828
