0 0.985405 0.483320 0.005830 0.054453
0 0.993325 0.512227 0.006143 0.076953
6 0.958853 0.508672 0.002588 0.112188
6 0.961768 0.509258 0.002578 0.111172
0 0.508677 0.583672 0.006475 0.075625
7 0.406831 0.553516 0.003955 0.058750
7 0.329873 0.537305 0.007012 0.111953
6 0.530190 0.588242 0.003525 0.081641
6 0.289189 0.780312 0.010938 0.404531
6 0.762461 0.836094 0.012969 0.324219
6 0.667100 0.765742 0.011426 0.440234
6 0.723677 0.807773 0.012334 0.384453
6 0.771147 0.782969 0.009893 0.430156
0 0.381040 0.569727 0.014814 0.077109
6 0.377197 0.642188 0.005371 0.191719
7 0.446211 0.614570 0.008848 0.110078
6 0.318394 0.534141 0.004131 0.097969
0 0.551123 0.784062 0.032539 0.265625
0 0.513486 0.815625 0.043145 0.368750
6 0.536743 0.585586 0.002939 0.103828
