0 0.995142 0.524648 0.007217 0.102422
6 0.960840 0.506953 0.002598 0.103750
0 0.521362 0.594023 0.016475 0.107109
7 0.449424 0.568203 0.004551 0.058750
7 0.431846 0.593359 0.006055 0.095313
6 0.536128 0.589883 0.003525 0.081641
6 0.221543 0.763633 0.012305 0.408516
6 0.667920 0.829805 0.011211 0.331172
6 0.619697 0.764922 0.010000 0.387344
6 0.653779 0.789531 0.011426 0.376719
6 0.683389 0.786797 0.009902 0.426406
0 0.382290 0.567422 0.014814 0.077187
6 0.348140 0.621836 0.005381 0.191641
7 0.443970 0.621836 0.008857 0.110078
6 0.332505 0.546016 0.004131 0.097969
0 0.029141 0.662734 0.028594 0.258750
0 0.765464 0.958594 0.081064 0.082812
0 0.513486 0.815625 0.043145 0.368750
6 0.535215 0.587695 0.002949 0.103828
