0 0.987437 0.491523 0.006279 0.063359
0 0.997397 0.536914 0.003760 0.082891
6 0.959438 0.508164 0.002588 0.109766
6 0.962422 0.507969 0.002578 0.108125
0 0.511367 0.586250 0.007344 0.085938
7 0.418447 0.557305 0.003770 0.058828
7 0.359429 0.555156 0.005674 0.105625
6 0.531343 0.587773 0.003525 0.081641
6 0.269541 0.782930 0.010996 0.411641
6 0.732930 0.835391 0.012559 0.325938
6 0.651074 0.761562 0.011133 0.431094
6 0.699614 0.806836 0.012334 0.386328
6 0.743052 0.788711 0.009893 0.420547
0 0.381226 0.568516 0.014814 0.077187
6 0.368584 0.636172 0.005371 0.191719
7 0.446211 0.614570 0.008848 0.110078
6 0.321460 0.536563 0.004131 0.097969
0 0.002759 0.556562 0.005225 0.099375
0 0.558853 0.821406 0.039521 0.292812
0 0.513486 0.815625 0.043145 0.368750
6 0.536743 0.585586 0.002939 0.103828
