6 0.117095 0.666602 0.008916 0.292734
6 0.558193 0.770625 0.010098 0.340000
6 0.548354 0.716211 0.007080 0.240859
6 0.568276 0.708086 0.006494 0.264453
6 0.573560 0.713750 0.006553 0.297500
0 0.448394 0.617148 0.021162 0.137109
0 0.459941 0.752031 0.027422 0.311563
6 0.290078 0.570937 0.005371 0.184219
7 0.290537 0.551406 0.008848 0.110156
0 0.386533 0.578125 0.015938 0.146406
6 0.413950 0.568086 0.004131 0.123672
0 0.977930 0.512813 0.006055 0.056875
0 0.513486 0.815625 0.043145 0.368750
6 0.523989 0.567539 0.002939 0.070703
