6 0.962534 0.505547 0.002588 0.096562
0 0.548696 0.606797 0.005947 0.070000
7 0.489121 0.578750 0.004551 0.058750
7 0.509751 0.591602 0.005537 0.081641
6 0.170459 0.722070 0.009531 0.363672
6 0.613447 0.824414 0.010098 0.342266
6 0.592402 0.737891 0.008633 0.334375
6 0.615854 0.756680 0.009111 0.346172
6 0.626289 0.777656 0.008906 0.417969
0 0.390024 0.584844 0.014814 0.077187
0 0.027456 0.661133 0.026143 0.241016
6 0.323838 0.600703 0.005371 0.188594
7 0.423501 0.617305 0.008857 0.110078
0 0.503433 0.611289 0.016240 0.141328
6 0.354976 0.553125 0.004131 0.097969
0 0.380293 0.876602 0.087832 0.236641
0 0.973174 0.661328 0.023379 0.242969
0 0.513486 0.815625 0.043145 0.368750
6 0.532710 0.591133 0.002939 0.103828
