0 0.990698 0.503008 0.007158 0.082266
6 0.960029 0.507656 0.002598 0.107188
6 0.963086 0.506602 0.002578 0.105078
0 0.514165 0.588945 0.008994 0.095859
7 0.430771 0.561250 0.004551 0.058750
7 0.389741 0.573008 0.005869 0.099297
6 0.532808 0.587773 0.003525 0.081641
6 0.249331 0.774805 0.011553 0.410234
6 0.704126 0.832109 0.011982 0.328125
6 0.637866 0.762969 0.010654 0.412656
6 0.678062 0.805898 0.012334 0.388203
6 0.714956 0.794453 0.009893 0.411094
0 0.381411 0.567266 0.014814 0.077187
6 0.359980 0.630117 0.005371 0.191641
7 0.446719 0.620742 0.008848 0.110078
6 0.325874 0.544141 0.004131 0.097969
0 0.009956 0.579336 0.014561 0.174141
0 0.584116 0.862422 0.066533 0.248281
0 0.513486 0.815625 0.043145 0.368750
6 0.536416 0.586055 0.002949 0.103828
