7 0.529980 0.581602 0.004551 0.058828
6 0.132905 0.672578 0.008740 0.300937
6 0.579058 0.798867 0.010088 0.363984
6 0.565586 0.709414 0.007266 0.281484
6 0.585117 0.721406 0.006797 0.315625
6 0.589624 0.747461 0.006826 0.365234
0 0.418999 0.607109 0.016514 0.114063
0 0.383721 0.861211 0.087207 0.277578
6 0.301953 0.578672 0.005371 0.184219
7 0.352173 0.587383 0.008857 0.110078
0 0.426431 0.595391 0.018896 0.146406
6 0.387349 0.567930 0.004131 0.121797
0 0.472124 0.692813 0.018467 0.196094
0 0.978818 0.542031 0.009883 0.116406
0 0.513486 0.815625 0.043145 0.368750
6 0.528501 0.583984 0.002939 0.091719
