0 0.993145 0.511641 0.007812 0.096562
6 0.960474 0.507266 0.002588 0.105313
6 0.963574 0.505625 0.002578 0.102812
0 0.516836 0.591836 0.014336 0.101641
7 0.440947 0.565078 0.004551 0.058750
7 0.412476 0.586406 0.006006 0.094531
6 0.534614 0.588945 0.003525 0.081641
6 0.234175 0.768711 0.011963 0.409297
6 0.682524 0.829570 0.011572 0.329766
6 0.627954 0.764023 0.010303 0.398828
6 0.664277 0.798516 0.011934 0.383281
6 0.697739 0.790273 0.009893 0.419453
0 0.381548 0.566367 0.014814 0.077109
6 0.353521 0.625586 0.005381 0.191641
7 0.446113 0.623242 0.008848 0.110078
6 0.329165 0.545156 0.004131 0.097969
0 0.020059 0.623008 0.022168 0.220391
0 0.642876 0.909883 0.090557 0.160859
0 0.513486 0.815625 0.043145 0.368750
6 0.535762 0.586914 0.002949 0.103828
