0 0.986621 0.488672 0.006055 0.058594
0 0.996377 0.530781 0.004355 0.081406
6 0.959292 0.508281 0.002588 0.110313
6 0.962256 0.508281 0.002578 0.108906
0 0.510693 0.585625 0.007129 0.083281
7 0.415410 0.556367 0.003555 0.058828
7 0.351851 0.550703 0.005635 0.107187
6 0.531050 0.587852 0.003525 0.081641
6 0.274512 0.783438 0.010937 0.410781
6 0.740132 0.836250 0.012686 0.325313
6 0.654375 0.761211 0.011250 0.435703
6 0.705005 0.807070 0.012334 0.385859
6 0.750078 0.787266 0.009902 0.422969
0 0.381177 0.568828 0.014814 0.077187
6 0.370742 0.637656 0.005371 0.191719
7 0.446211 0.614570 0.008848 0.110078
6 0.320698 0.536016 0.004131 0.097969
0 0.001465 0.544922 0.002930 0.066406
0 0.556924 0.812070 0.037773 0.286016
0 0.513486 0.815625 0.043145 0.368750
6 0.536743 0.585586 0.002939 0.103828
