6 0.115942 0.666016 0.008916 0.292812
6 0.556685 0.772344 0.010088 0.340000
6 0.547202 0.715625 0.007080 0.240781
6 0.567051 0.710391 0.006484 0.264531
6 0.572339 0.712031 0.006553 0.297500
0 0.450732 0.618867 0.022090 0.141797
0 0.461953 0.740508 0.025547 0.300078
6 0.289209 0.569805 0.005371 0.184141
7 0.286509 0.546211 0.008857 0.110078
0 0.383794 0.578125 0.015947 0.146406
6 0.416099 0.569883 0.004131 0.122578
0 0.977866 0.510742 0.005771 0.052578
0 0.513486 0.815625 0.043145 0.368750
6 0.523667 0.566367 0.002939 0.069141
