0 0.995923 0.533359 0.006279 0.101094
6 0.960986 0.506875 0.002598 0.103125
0 0.523789 0.594805 0.016738 0.109453
7 0.452817 0.569492 0.004541 0.058828
7 0.439839 0.593555 0.006045 0.098516
6 0.536729 0.590273 0.003535 0.081641
6 0.216489 0.761602 0.012451 0.408047
6 0.662422 0.830078 0.011074 0.331719
6 0.616885 0.763867 0.009883 0.382734
6 0.649585 0.785977 0.011221 0.373984
6 0.677651 0.785391 0.009893 0.429219
0 0.382964 0.568945 0.014814 0.077109
0 0.001187 0.544883 0.002373 0.061641
6 0.345986 0.620313 0.005371 0.191719
7 0.443110 0.621289 0.008857 0.110078
6 0.334204 0.546328 0.004131 0.097969
0 0.035156 0.686953 0.033340 0.287031
0 0.819458 0.948633 0.097900 0.102734
0 0.513486 0.815625 0.043145 0.368750
6 0.535000 0.588008 0.002949 0.103828
