0 0.987026 0.490117 0.006162 0.061016
0 0.996890 0.533867 0.004053 0.082109
6 0.959370 0.508242 0.002588 0.110078
6 0.962344 0.508125 0.002578 0.108438
0 0.511030 0.585938 0.007236 0.084688
7 0.416929 0.556836 0.003662 0.058828
7 0.355640 0.552930 0.005654 0.106328
6 0.531196 0.587852 0.003525 0.081641
6 0.272065 0.783945 0.010928 0.411797
6 0.736533 0.835820 0.012617 0.325547
6 0.652725 0.761406 0.011191 0.433438
6 0.702310 0.806953 0.012334 0.386094
6 0.746563 0.788008 0.009902 0.421797
0 0.381206 0.568672 0.014814 0.077188
6 0.369658 0.636914 0.005371 0.191641
7 0.446211 0.614570 0.008848 0.110078
6 0.321079 0.536289 0.004131 0.097891
0 0.002051 0.555469 0.004102 0.087500
0 0.557886 0.816719 0.038643 0.289375
0 0.513486 0.815625 0.043145 0.368750
6 0.536743 0.585586 0.002939 0.103828
