0 0.983789 0.476133 0.005547 0.048984
0 0.989673 0.498047 0.006885 0.065781
6 0.958262 0.509180 0.002598 0.114766
6 0.961104 0.510586 0.002578 0.114141
0 0.505996 0.581133 0.005605 0.065391
7 0.395396 0.549687 0.004482 0.058750
7 0.303418 0.531094 0.007480 0.112656
6 0.529468 0.588555 0.003525 0.081641
6 0.308760 0.776133 0.010937 0.396172
6 0.794160 0.828984 0.012969 0.324219
6 0.687832 0.779180 0.011426 0.433984
6 0.748574 0.808672 0.012324 0.382656
6 0.799243 0.777227 0.009893 0.439609
0 0.380854 0.570937 0.014814 0.077187
6 0.385801 0.648203 0.005371 0.191719
7 0.446211 0.614570 0.008848 0.110078
6 0.315415 0.534609 0.004131 0.097969
0 0.543384 0.746719 0.025557 0.238438
0 0.513486 0.815625 0.043145 0.368750
6 0.536743 0.585586 0.002939 0.103828
